$ 1 5.0E-6 10.20027730826997 58 5.0 50
a 400 160 512 160 0 25.0 -25.0 1000000.0
w 512 160 512 224 0
r 400 96 288 96 0 5000.0
w 400 176 400 224 0
R 48 288 48 240 0 0 40.0 10.0 0.0 0.0 0.5
g 288 96 288 128 0
w 400 96 400 144 0
w 512 272 512 320 0
r 608 320 608 400 0 9000.0
s 560 320 560 400 0 1 false
w 512 400 560 400 0
w 512 320 560 320 0
x 331 67 357 73 0 24 Vr
x 129 417 161 423 0 24 R2
x 329 323 361 329 0 24 R3
x 554 307 586 313 0 24 R4
x 539 431 588 437 0 24 load
w 400 176 288 176 0
r 512 320 512 400 0 7000.0
w 560 400 608 400 0
w 512 224 512 272 0
w 608 320 608 96 0
w 608 96 400 96 0
R 64 128 64 160 0 2 400.0 2.5 2.5 0.0 0.5
w 64 128 128 128 0
c 128 128 128 176 0 1.0 2.762555491194252
r 128 128 192 128 0 1000.0
c 192 128 192 176 0 1.0E-5 1.9831809181950342
R 176 80 176 32 0 0 40.0 5.0 0.0 0.0 0.5
r 400 224 400 320 0 100.0
r 192 208 192 272 0 1000.0
w 192 96 256 96 0
w 256 128 256 176 0
w 256 176 288 176 0
w 128 176 192 176 0
w 192 176 192 208 0
g 192 272 192 304 0
r 192 128 256 128 0 1000.0
g 288 272 288 336 0
r 288 272 288 176 0 1000.0
o 7 64 0 33 5.0 0.0015625 0 -1
o 8 8 1 35 0.009765625 9.765625E-5 1 -1
o 23 64 0 35 10.0 0.05 2 -1
