$ 1 5.0E-6 10.20027730826997 58 5.0 50
a 288 128 400 128 0 15.0 -15.0 1000000.0
r 288 64 176 64 0 10000.0
w 288 144 288 192 0
R 176 192 176 144 0 0 40.0 15.0 0.0 0.0 0.5
g 176 64 176 96 0
w 288 64 288 112 0
r 288 240 288 320 0 9000.0
s 336 240 336 320 0 1 false
w 288 320 336 320 0
g 288 384 288 416 0
w 288 240 336 240 0
x 224 152 256 158 0 24 R1
x 221 36 253 42 0 24 R2
x 428 171 460 177 0 24 R3
x 432 97 464 103 0 24 R4
x 216 288 265 294 0 24 load
r 288 320 288 384 0 10000.0
r 400 64 400 128 0 3000.0
r 400 128 400 192 0 3000.0
w 288 240 288 224 0
w 288 224 496 224 0
w 400 192 288 192 0
w 400 64 496 64 0
w 496 64 496 224 0
w 288 64 400 64 0
r 288 192 176 192 0 5000.0
o 16 64 0 33 5.0 0.00625 0 -1
