$ 3 4.9999999999999996E-6 11.558428452718767 58 5.0 50
r 720 368 720 448 0 100.0
s 576 368 576 400 0 1 false
s 528 368 528 400 0 1 false
s 624 368 624 400 0 0 false
r 624 448 624 400 0 10000.0
r 576 448 576 400 0 7000.0
r 528 448 528 400 0 3000.0
r 480 448 480 400 0 100.0
w 512 368 480 368 0
w 512 368 528 368 0
w 544 368 528 368 0
w 544 368 576 368 0
w 608 368 576 368 0
w 608 368 624 368 0
w 480 448 528 448 0
w 528 448 576 448 0
w 576 448 624 448 0
s 672 368 672 400 0 1 false
r 672 400 672 448 0 20000.0
w 624 448 672 448 0
w 672 448 720 448 0
p 448 368 448 416 0
w 448 368 480 368 0
s 480 368 480 400 0 1 false
x 502 356 577 362 0 24 Rhead
w 672 368 672 352 0
r 752 368 752 448 0 100.0
r 784 368 784 448 0 100.0
r 816 368 816 448 0 100.0
w 720 448 752 448 0
w 752 448 784 448 0
w 784 448 816 448 0
178 896 192 848 192 0 2 2.0E-6 4.9E-324 0.05 1000000.0 0.02 20.0
w 816 368 816 208 0
w 816 208 848 208 0
w 784 368 784 176 0
w 784 176 848 176 0
w 752 368 752 160 0
w 752 160 848 160 0
w 720 368 720 128 0
w 720 128 848 128 0
178 960 176 912 176 0 1 2.0E-6 -0.25 0.05 1000000.0 0.02 20.0
w 896 192 912 192 0
w 896 144 912 160 0
g 896 224 912 224 0
g 960 208 976 208 0
L 896 240 896 272 0 0 false 5.0 0.0
L 960 224 960 256 0 1 false 5.0 0.0
178 464 176 512 176 0 1 2.0E-6 -0.25 0.05 1000000.0 0.02 20.0
178 528 192 576 192 0 2 2.0E-6 -0.25 0.05 1000000.0 0.02 20.0
w 672 352 656 352 0
w 656 352 640 352 0
w 640 352 624 352 0
w 624 368 672 368 0
w 624 208 624 352 0
w 624 208 576 208 0
w 640 352 640 176 0
w 640 176 576 176 0
w 576 160 656 160 0
w 656 160 656 352 0
w 672 352 672 128 0
w 672 128 576 128 0
w 512 192 528 192 0
w 512 160 528 144 0
a 144 144 216 144 3 15.0 -15.0 1000000.0
a 216 216 144 216 3 15.0 -15.0 1000000.0
r 168 184 216 184 0 100000.0
r 216 184 264 184 0 100000.0
r 168 256 216 256 0 100000.0
r 216 256 264 256 0 100000.0
w 216 184 216 208 0
w 216 224 216 256 0
g 168 184 152 184 0
w 144 216 120 216 0
w 120 216 120 152 0
w 120 152 144 152 0
w 168 256 120 256 0
w 120 256 120 216 0
r 264 184 264 256 0 1000.0
f 224 144 264 144 0 1.5
w 216 144 224 144 0
w 264 160 264 184 0
R 264 128 296 128 0 0 40.0 27.0 0.0 0.0 0.5
R 144 136 104 136 0 0 40.0 1.2 0.0 0.0 0.5
w 264 256 304 256 0
g 528 224 512 224 0
L 528 240 528 272 0 1 false 5.0 0.0
L 464 224 464 256 0 1 false 5.0 0.0
178 416 176 368 176 0 2 2.0E-6 -0.25 0.05 1000000.0 0.02 20.0
w 416 176 464 176 0
w 416 128 416 104 0
w 416 104 960 112 0
w 960 112 960 176 0
w 416 208 440 208 0
w 440 208 464 208 0
L 416 224 416 256 0 1 false 5.0 0.0
g 440 208 440 224 0
w 304 256 304 192 0
w 304 192 368 192 0
w 304 112 368 112 0
w 368 144 368 160 0
g 368 160 352 160 0
w 304 192 304 112 0
o 0 8 1 35 7.62939453125E-5 9.765625E-5 0 -1
o 21 64 0 34 20.0 9.765625E-5 1 -1
o 78 8 0 33 0.625 0.0015625 2 -1
o 25 64 0 33 10.0 0.0125 3 -1
