$ 1 5.0E-6 11.558428452718767 58 5.0 50
r 736 368 736 448 0 100.0
R 688 128 688 96 0 0 40.0 27.0 0.0 0.0 0.5
s 592 368 592 400 0 1 false
s 544 368 544 400 0 1 false
s 640 368 640 400 0 0 false
r 640 448 640 400 0 10000.0
r 592 448 592 400 0 7000.0
r 544 448 544 400 0 3000.0
r 496 448 496 400 0 100.0
w 528 368 496 368 0
w 528 368 544 368 0
w 560 368 544 368 0
w 560 368 592 368 0
w 624 368 592 368 0
w 624 368 640 368 0
w 496 448 544 448 0
w 544 448 592 448 0
w 592 448 640 448 0
s 688 368 688 400 0 1 false
r 688 400 688 448 0 20000.0
w 640 448 688 448 0
w 688 448 736 448 0
w 688 368 640 368 0
p 464 368 464 416 0
p 496 240 496 272 0
w 464 368 496 368 0
R 528 128 528 96 0 0 40.0 1.23 0.0 0.0 0.5
s 496 368 496 400 0 1 false
r 608 192 656 192 0 100000.0
r 608 288 656 288 0 100000.0
f 640 144 688 144 0 1.5
w 736 368 736 224 0
g 736 112 736 80 0
x 361 361 436 367 0 24 Rhead
x 700 145 729 151 0 24 Rs
r 688 192 688 240 0 1000.0
a 608 240 528 240 1 15.0 -15.0 1000000.0
w 688 192 688 160 0
w 656 192 688 192 0
w 656 240 688 240 0
r 560 288 608 288 0 100000.0
w 688 368 688 352 0
w 688 288 688 240 0
r 560 192 608 192 0 100000.0
w 608 256 608 288 0
w 608 224 608 192 0
w 560 192 528 192 0
w 528 240 528 288 0
w 560 288 528 288 0
w 656 240 656 288 0
g 528 192 528 208 0
w 736 160 736 112 0
w 688 288 688 352 0
w 736 160 736 224 0
a 528 144 640 144 1 15.0 -15.0 1000000.0
w 528 240 496 240 0
w 496 240 496 160 0
w 496 160 528 160 0
o 0 8 1 35 1.52587890625E-4 9.765625E-5 0 -1
o 23 64 0 34 20.0 9.765625E-5 1 -1
o 24 64 0 34 1.25 9.765625E-5 2 -1
o 35 16 0 33 0.625 0.0015625 3 -1
