$ 1 5.0E-6 11.558428452718767 58 5.0 50
r 672 368 672 448 0 100.0
R 624 128 624 96 0 0 40.0 27.0 0.0 0.0 0.5
s 528 368 528 400 0 1 false
s 480 368 480 400 0 1 false
s 576 368 576 400 0 0 false
r 576 448 576 400 0 10000.0
r 528 448 528 400 0 7000.0
r 480 448 480 400 0 3000.0
r 432 448 432 400 0 100.0
w 464 368 432 368 0
w 464 368 480 368 0
w 496 368 480 368 0
w 496 368 528 368 0
w 560 368 528 368 0
w 560 368 576 368 0
w 432 448 480 448 0
w 480 448 528 448 0
w 528 448 576 448 0
s 624 368 624 400 0 1 false
r 624 400 624 448 0 20000.0
w 576 448 624 448 0
w 624 448 672 448 0
w 624 368 576 368 0
p 400 368 400 416 0
p 416 272 416 304 0
w 400 368 432 368 0
R 416 128 416 96 0 0 40.0 1.23 0.0 0.0 0.5
s 432 368 432 400 0 1 false
r 544 192 592 192 0 100000.0
r 544 256 592 256 0 100000.0
f 576 144 624 144 0 1.5
w 672 368 672 224 0
g 672 112 672 80 0
x 482 355 557 361 0 24 Rhead
x 636 145 665 151 0 24 Rs
r 624 192 624 240 0 1000.0
a 496 224 416 224 1 15.0 -15.0 1000000.0
w 624 192 624 160 0
r 496 272 544 272 0 100000.0
w 624 368 624 352 0
r 496 176 544 176 0 100000.0
w 672 160 672 112 0
w 624 288 624 352 0
w 672 160 672 224 0
g 496 176 480 176 0
w 416 224 416 272 0
w 416 224 416 160 0
a 416 144 496 144 1 15.0 -15.0 1000000.0
w 496 144 576 144 0
w 416 272 496 272 0
w 496 240 544 240 0
w 544 176 544 192 0
w 544 192 544 208 0
w 544 208 496 208 0
w 592 192 624 192 0
w 592 256 624 256 0
w 544 240 544 256 0
w 544 256 544 272 0
w 624 240 624 256 0
w 624 256 624 288 0
o 0 8 1 35 1.52587890625E-4 9.765625E-5 0 -1
o 23 64 0 34 20.0 9.765625E-5 1 -1
o 24 64 0 34 10.0 9.765625E-5 2 -1
o 35 16 0 33 0.625 0.0015625 3 -1
