$ 1 5.0E-6 11.558428452718767 58 5.0 50
r 464 400 464 480 0 100.0
R 416 160 416 128 0 0 40.0 27.0 0.0 0.0 0.5
s 320 400 320 432 0 1 false
s 272 400 272 432 0 1 false
s 368 400 368 432 0 0 false
r 368 480 368 432 0 10000.0
r 320 480 320 432 0 7000.0
r 272 480 272 432 0 3000.0
r 224 480 224 432 0 100.0
w 256 400 224 400 0
w 256 400 272 400 0
w 288 400 272 400 0
w 288 400 320 400 0
w 352 400 320 400 0
w 352 400 368 400 0
w 224 480 272 480 0
w 272 480 320 480 0
w 320 480 368 480 0
s 416 400 416 432 0 1 false
r 416 432 416 480 0 20000.0
w 368 480 416 480 0
w 416 480 464 480 0
w 416 400 368 400 0
p 192 400 192 448 0
p 208 304 208 336 0
w 192 400 224 400 0
R 208 160 208 128 0 0 40.0 1.23 0.0 0.0 0.5
s 224 400 224 432 0 1 false
r 336 224 384 224 0 100000.0
r 336 288 384 288 0 100000.0
f 368 176 416 176 0 1.5
x 274 387 349 393 0 24 Rhead
x 441 251 470 257 0 24 Rs
r 416 224 416 272 0 1000.0
a 288 256 208 256 1 15.0 -15.0 1000000.0
w 416 224 416 192 0
r 288 304 336 304 0 100000.0
w 416 400 416 384 0
r 288 208 336 208 0 100000.0
w 416 320 416 384 0
g 288 208 272 208 0
w 208 256 208 304 0
w 208 256 208 192 0
a 208 176 288 176 1 15.0 -15.0 1000000.0
w 288 176 368 176 0
w 208 304 288 304 0
w 288 272 336 272 0
w 336 208 336 224 0
w 336 224 336 240 0
w 336 240 288 240 0
w 384 224 416 224 0
w 384 288 416 288 0
w 336 272 336 288 0
w 336 288 336 304 0
w 416 272 416 288 0
w 416 288 416 320 0
w 720 288 720 320 0
w 720 272 720 288 0
w 640 288 640 304 0
w 640 272 640 288 0
w 688 288 720 288 0
w 688 224 720 224 0
w 640 240 592 240 0
w 640 224 640 240 0
w 640 208 640 224 0
w 592 272 640 272 0
w 512 304 592 304 0
w 512 256 512 304 0
g 592 208 576 208 0
r 592 208 640 208 0 100000.0
r 592 304 640 304 0 100000.0
w 720 224 720 192 0
a 592 256 512 256 1 15.0 -15.0 1000000.0
r 720 224 720 272 0 1000.0
x 672 255 701 261 0 24 Rs
r 640 288 688 288 0 100000.0
r 640 224 688 224 0 100000.0
p 512 304 512 336 0
w 464 400 720 400 0
w 768 176 768 400 0
w 768 400 720 400 0
w 512 256 496 256 0
w 720 192 768 176 0
g 720 320 720 352 0
o 0 8 1 35 1.52587890625E-4 9.765625E-5 0 -1
o 23 64 0 34 20.0 9.765625E-5 1 -1
o 24 64 0 34 1.25 9.765625E-5 2 -1
o 33 16 0 33 0.625 0.0015625 3 -1
