$ 1 5.0E-6 11.558428452718767 58 5.0 50
a 336 240 448 240 0 27.0 0.0 1000000.0
r 544 400 544 480 0 100.0
x 267 147 293 153 0 24 Vr
x 490 387 522 393 0 24 R4
R 480 288 480 256 0 0 40.0 27.0 0.0 0.0 0.5
f 448 240 448 288 0 1.5
s 400 400 400 432 0 0 false
s 352 400 352 432 0 1 false
s 448 400 448 432 0 1 false
r 448 480 448 432 0 10000.0
r 400 480 400 432 0 7000.0
r 352 480 352 432 0 3000.0
r 304 480 304 432 0 100.0
w 336 400 304 400 0
w 336 400 352 400 0
w 368 400 352 400 0
w 368 400 400 400 0
w 432 400 400 400 0
w 432 400 448 400 0
w 304 480 352 480 0
w 352 480 400 480 0
w 400 480 448 480 0
s 496 400 496 432 0 1 false
r 496 432 496 480 0 20000.0
w 448 480 496 480 0
w 496 480 544 480 0
w 496 400 448 400 0
p 272 400 272 448 0
p 304 208 304 240 0
w 336 176 336 208 0
w 336 208 304 208 0
w 336 208 336 224 0
w 544 320 544 400 0
g 784 320 784 336 0
w 272 400 304 400 0
w 432 288 432 400 0
w 464 288 480 288 0
w 336 256 288 256 0
R 288 256 288 224 0 0 40.0 1.0 0.0 0.0 0.5
s 304 400 304 432 0 1 false
w 544 320 544 256 0
a 608 320 688 320 0 15.0 -15.0 1000000.0
a 608 224 688 224 1 15.0 -15.0 1000000.0
a 736 272 816 272 0 15.0 -15.0 1000000.0
r 688 288 688 256 0 20000.0
r 688 256 688 224 0 100.0
r 688 288 688 320 0 100.0
r 736 224 784 224 0 100.0
r 736 320 784 320 0 100.0
w 736 288 736 320 0
w 736 256 736 224 0
r 736 224 688 224 0 100.0
r 688 320 736 320 0 100.0
w 688 256 608 256 0
w 608 256 608 240 0
w 688 288 608 288 0
w 608 288 608 304 0
w 816 272 816 224 0
w 784 224 816 224 0
w 608 336 576 336 0
w 576 336 576 256 0
w 608 208 592 208 0
w 544 208 592 208 0
w 544 256 576 256 0
r 544 256 544 208 0 1000.0
w 816 224 816 176 0
w 816 176 336 176 0
R 384 144 384 112 0 0 40.0 0.0 0.0 0.0 0.5
w 432 144 384 144 0
w 432 96 432 112 0
w 432 96 400 96 0
p 400 96 400 128 0
a 432 128 544 128 0 27.0 -27.0 1000000.0
w 544 208 544 128 0
w 544 128 544 96 0
w 544 96 432 96 0
o 1 8 1 35 1.52587890625E-4 9.765625E-5 0 -1
o 27 64 0 34 40.0 9.765625E-5 1 -1
o 28 64 0 34 1.25 9.765625E-5 2 -1
o 64 16 0 33 0.625 0.0015625 3 -1
