$ 3 4.9999999999999996E-6 11.558428452718767 58 5.0 50
r 648 352 648 432 0 100.0
s 504 352 504 384 0 1 false
s 456 352 456 384 0 1 false
s 552 352 552 384 0 0 false
r 552 432 552 384 0 10000.0
r 504 432 504 384 0 7000.0
r 456 432 456 384 0 3000.0
r 408 432 408 384 0 100.0
w 440 352 408 352 0
w 440 352 456 352 0
w 472 352 456 352 0
w 472 352 504 352 0
w 536 352 504 352 0
w 536 352 552 352 0
w 408 432 456 432 0
w 456 432 504 432 0
w 504 432 552 432 0
s 600 352 600 384 0 1 false
r 600 384 600 432 0 20000.0
w 552 432 600 432 0
w 600 432 648 432 0
p 376 352 376 400 0
w 376 352 408 352 0
s 408 352 408 384 0 1 false
x 430 340 505 346 0 24 Rhead
w 600 352 600 336 0
r 680 352 680 432 0 100.0
r 712 352 712 432 0 100.0
r 744 352 744 432 0 100.0
w 648 432 680 432 0
w 680 432 712 432 0
w 712 432 744 432 0
178 824 176 776 176 0 2 2.0E-6 4.9E-324 0.05 1000000.0 0.02 20.0
w 744 352 744 192 0
w 744 192 776 192 0
w 712 352 712 160 0
w 712 160 776 160 0
w 680 352 680 144 0
w 680 144 776 144 0
w 648 352 648 112 0
w 648 112 776 112 0
178 888 160 840 160 0 1 2.0E-6 -0.25 0.05 1000000.0 0.02 20.0
w 824 176 840 176 0
w 824 128 840 144 0
g 824 208 840 208 0
g 888 192 904 192 0
L 824 224 824 256 0 0 false 5.0 0.0
L 888 208 888 240 0 1 false 5.0 0.0
w 888 160 920 160 0
g 920 160 952 160 0
178 392 160 440 160 0 1 2.0E-6 -0.25 0.05 1000000.0 0.02 20.0
178 456 176 504 176 0 2 2.0E-6 -0.25 0.05 1000000.0 0.02 20.0
w 600 336 584 336 0
w 584 336 568 336 0
w 568 336 552 336 0
w 552 352 600 352 0
w 552 192 552 336 0
w 552 192 504 192 0
w 568 336 568 160 0
w 568 160 504 160 0
w 504 144 584 144 0
w 584 144 584 336 0
w 600 336 600 112 0
w 600 112 504 112 0
w 440 176 456 176 0
w 440 144 456 128 0
a 176 128 248 128 3 15.0 -15.0 1000000.0
a 248 200 176 200 3 15.0 -15.0 1000000.0
r 200 168 248 168 0 100000.0
r 248 168 296 168 0 100000.0
r 200 240 248 240 0 100000.0
r 248 240 296 240 0 100000.0
w 248 168 248 192 0
w 248 208 248 240 0
g 200 168 184 168 0
w 176 200 152 200 0
w 152 200 152 136 0
w 152 136 176 136 0
w 200 240 152 240 0
w 152 240 152 200 0
r 296 168 296 240 0 1000.0
f 256 128 296 128 0 1.5
w 248 128 256 128 0
w 296 144 296 168 0
R 296 112 328 112 0 0 40.0 27.0 0.0 0.0 0.5
R 176 120 136 120 0 0 40.0 1.2 0.0 0.0 0.5
w 296 240 336 240 0
w 336 240 336 160 0
w 336 160 392 160 0
g 392 192 376 192 0
g 456 208 440 208 0
L 456 224 456 256 0 1 false 5.0 0.0
L 392 208 392 240 0 1 false 5.0 0.0
o 0 8 1 35 7.62939453125E-5 9.765625E-5 0 -1
o 21 64 0 34 20.0 9.765625E-5 1 -1
o 80 8 0 33 0.625 0.003125 2 -1
