$ 3 5.0E-6 10.20027730826997 58 5.0 50
R 192 360 144 360 0 2 490.0 2.5 2.5 0.0 0.5
c 240 120 240 168 0 2.2E-6 3.2699630934433093
r 240 120 304 120 0 100.0
c 304 120 304 168 0 2.2000000000000002E-8 3.142818336456726
w 240 168 304 168 0
a 544 192 600 192 3 36.0 -36.0 1000000.0
w 456 176 544 176 0
w 544 176 544 184 0
r 640 232 640 288 0 1000.0
r 192 120 240 120 0 100.0
r 192 168 240 168 0 10.0
r 640 232 584 232 0 100000.0
r 640 288 584 288 0 100000.0
r 584 288 528 288 0 100.0
r 584 232 528 232 0 100000.0
a 584 256 536 256 3 15.0 -15.0 1000000.0
w 584 248 584 232 0
w 584 264 584 288 0
w 536 256 528 256 0
w 528 256 528 288 0
w 528 256 504 256 0
w 504 256 504 200 0
w 504 200 544 200 0
w 600 192 640 192 0
w 640 192 640 232 0
w 640 288 640 408 0
r 664 408 664 464 0 100.0
g 664 176 664 152 0
w 528 232 480 232 0
w 480 232 480 248 0
w 192 192 192 168 0
R 144 184 104 184 0 1 40.0 2.0 0.0 0.0 0.5
R 368 216 320 216 0 0 40.0 -2.5 0.0 0.0 0.5
w 624 408 640 408 0
w 608 408 624 408 0
w 592 408 608 408 0
w 576 408 592 408 0
w 560 408 576 408 0
w 544 408 560 408 0
w 528 408 544 408 0
s 640 408 640 424 0 1 false
s 608 408 608 424 0 1 false
s 576 408 576 424 0 0 false
s 544 408 544 424 0 1 false
w 528 408 512 408 0
r 640 448 640 424 0 10000.0
r 608 448 608 424 0 7000.0
r 576 448 576 424 0 3000.0
r 544 448 544 424 0 700.0
r 512 448 512 424 0 300.0
w 640 448 640 464 0
w 608 448 608 464 0
w 576 448 576 464 0
w 544 448 544 464 0
w 512 448 512 464 0
w 512 464 544 464 0
w 544 464 576 464 0
w 576 464 608 464 0
w 608 464 640 464 0
w 640 464 664 464 0
s 512 408 512 424 0 1 false
w 664 408 664 192 0
R 688 96 648 96 0 1 50.0 2.0 2.5 3.141592653589793 0.5
a 416 176 456 176 2 15.0 -15.0 1000000.0
r 416 144 456 144 0 100000.0
r 416 184 416 224 0 10000.0
w 456 144 456 176 0
w 416 144 416 168 0
w 416 168 392 168 0
g 416 224 416 240 0
g 480 248 480 264 0
w 304 120 368 120 0
g 192 192 192 208 0
w 392 168 368 168 0
r 368 168 368 216 0 100000.0
r 368 168 368 120 0 100000.0
c 416 96 456 96 0 1.0000000000000001E-7 -2.1141309475821024
w 456 104 456 144 0
w 416 104 416 144 0
w 368 120 368 96 0
w 368 96 192 96 0
g 816 248 816 264 0
w 816 232 816 248 0
w 864 232 816 232 0
w 976 288 976 408 0
w 976 192 976 232 0
w 936 192 976 192 0
w 840 200 880 200 0
w 840 256 840 200 0
w 864 256 840 256 0
w 864 256 864 288 0
w 872 256 864 256 0
w 920 264 920 288 0
w 920 248 920 232 0
a 920 256 872 256 3 15.0 -15.0 1000000.0
r 920 232 864 232 0 100000.0
r 920 288 864 288 0 100.0
r 976 288 920 288 0 100000.0
r 976 232 920 232 0 100000.0
r 976 232 976 288 0 1000.0
w 880 176 880 184 0
a 880 192 936 192 3 36.0 -36.0 1000000.0
w 768 112 768 88 0
w 816 96 816 136 0
w 856 96 856 136 0
c 816 80 856 80 0 1.0000000000000001E-7 0.001
r 768 160 768 112 0 100000.0
r 768 160 768 208 0 100000.0
w 792 160 768 160 0
w 816 160 792 160 0
w 816 136 816 160 0
w 856 136 856 168 0
r 816 176 816 216 0 10000.0
r 816 136 856 136 0 100000.0
a 816 168 856 168 2 15.0 -15.0 1000000.0
R 768 208 720 208 0 0 40.0 -2.5 0.0 0.0 0.5
w 816 216 816 232 0
w 856 168 880 168 0
w 880 168 880 176 0
w 664 408 976 408 0
R 192 96 152 96 0 1 50.0 2.0 2.5 0.0 0.5
R 768 88 736 88 0 0 40.0 2.5 0.0 0.0 0.5
o 26 16 0 33 0.078125 0.003125 0 -1
o 6 32 0 34 5.0 9.765625E-5 1 -1
o 22 32 0 34 5.0 9.765625E-5 2 -1
o 68 64 0 34 7.62939453125E-5 9.765625E-5 3 -1
