$ 3 4.9999999999999996E-6 6.186780925036789 58 5.0 50
r 768 344 768 424 0 100.0
s 624 344 624 376 0 1 false
s 576 344 576 376 0 1 false
s 672 344 672 376 0 0 false
r 672 424 672 376 0 10000.0
r 624 424 624 376 0 7000.0
r 576 424 576 376 0 3000.0
r 528 424 528 376 0 100.0
w 560 344 528 344 0
w 560 344 576 344 0
w 592 344 576 344 0
w 592 344 624 344 0
w 656 344 624 344 0
w 656 344 672 344 0
w 528 424 576 424 0
w 576 424 624 424 0
w 624 424 672 424 0
s 720 344 720 376 0 1 false
r 720 376 720 424 0 20000.0
w 672 424 720 424 0
w 720 424 768 424 0
p 496 344 496 392 0
w 496 344 528 344 0
s 528 344 528 376 0 1 false
x 550 332 625 338 0 24 Rhead
w 720 344 720 328 0
r 800 344 800 424 0 100.0
r 832 344 832 424 0 100.0
r 864 344 864 424 0 100.0
w 768 424 800 424 0
w 800 424 832 424 0
w 832 424 864 424 0
178 944 168 896 168 0 2 2.0E-6 4.9E-324 0.05 1000000.0 0.02 20.0
w 864 344 864 184 0
w 864 184 896 184 0
w 832 344 832 152 0
w 832 152 896 152 0
w 800 344 800 136 0
w 800 136 896 136 0
w 768 344 768 104 0
w 768 104 896 104 0
178 1008 152 960 152 0 1 2.0E-6 -0.25 0.05 1000000.0 0.02 20.0
w 944 168 960 168 0
w 944 120 960 136 0
g 944 200 960 200 0
g 1008 184 1024 184 0
L 944 216 944 248 0 0 false 5.0 0.0
L 1008 200 1008 232 0 1 false 5.0 0.0
178 512 152 560 152 0 1 2.0E-6 0.0 0.05 1000000.0 0.02 20.0
178 576 168 624 168 0 2 2.0E-6 -0.25 0.05 1000000.0 0.02 20.0
w 720 328 704 328 0
w 704 328 688 328 0
w 688 328 672 328 0
w 672 344 720 344 0
w 672 184 672 328 0
w 672 184 624 184 0
w 688 328 688 152 0
w 688 152 624 152 0
w 624 136 704 136 0
w 704 136 704 328 0
w 720 328 720 104 0
w 720 104 624 104 0
w 560 168 576 168 0
w 560 136 576 120 0
a 192 120 264 120 3 15.0 -15.0 1000000.0
a 264 192 192 192 3 15.0 -15.0 1000000.0
r 216 160 264 160 0 100000.0
r 264 160 312 160 0 100000.0
r 216 232 264 232 0 100000.0
r 264 232 312 232 0 100000.0
w 264 160 264 184 0
w 264 200 264 232 0
g 216 160 200 160 0
w 192 192 168 192 0
w 168 192 168 128 0
w 168 128 192 128 0
w 216 232 168 232 0
w 168 232 168 192 0
r 312 160 312 232 0 1000.0
f 272 120 312 120 0 1.5
w 264 120 272 120 0
w 312 136 312 160 0
R 312 104 344 104 0 0 40.0 27.0 0.0 0.0 0.5
R 432 280 392 280 0 0 40.0 1.2 0.0 0.0 0.5
w 312 232 352 232 0
g 576 200 560 200 0
L 576 216 576 248 0 1 false 5.0 0.0
L 512 200 512 232 0 0 false 5.0 0.0
178 464 152 416 152 0 2 2.0E-12 -13955.677138318844 9.999999999999999E-5 1000000.0 1.0E-12 0.001
w 464 152 512 152 0
w 464 104 464 80 0
w 464 80 1008 88 0
w 1008 88 1008 152 0
w 464 184 488 184 0
w 488 184 512 184 0
g 488 184 488 200 0
w 352 232 352 168 0
w 352 168 416 168 0
w 352 88 416 88 0
w 416 120 416 136 0
g 416 136 400 136 0
w 352 168 352 88 0
a 464 304 464 224 3 15.0 0.0 1000000.0
w 128 112 192 112 0
v 136 376 136 448 0 1 40.0 12.3 0.0 0.0 0.5
d 248 376 304 416 1 0.00202010101
d 248 448 304 416 1 0.0020201000100000003
d 184 416 248 376 1 0.002
d 184 416 248 448 1 2.02
g 184 416 184 448 0
w 128 112 128 280 0
w 304 416 304 352 0
w 304 280 304 352 0
r 304 352 184 352 0 10000.0
w 184 352 184 416 0
w 320 304 320 464 0
w 320 464 248 464 0
w 248 464 248 448 0
w 320 304 456 304 0
d 464 224 464 200 1 0.805904783
w 136 376 248 376 0
w 136 448 248 448 0
r 304 280 232 280 0 1000.0
r 128 280 64 280 0 100.0
g 64 280 64 224 0
w 128 280 232 280 0
o 0 8 1 35 7.62939453125E-5 9.765625E-5 0 -1
o 21 64 0 34 10.0 9.765625E-5 1 -1
o 78 8 0 33 0.625 0.0015625 2 -1
o 25 64 0 33 5.0 0.0015625 3 -1
o 103 64 0 35 5.0 9.765625E-5 4 -1
