$ 3 5.0E-6 10.20027730826997 58 5.0 50
R 184 168 136 168 0 2 490.0 2.5 2.5 0.0 0.65
c 248 120 248 168 0 2.2E-6 0.5277558780032658
r 248 120 312 120 0 100.0
c 312 120 312 168 0 2.2000000000000002E-8 0.5481725679434826
w 248 168 312 168 0
a 552 192 608 192 3 48.0 -48.0 1000000.0
w 464 176 552 176 0
w 552 176 552 184 0
r 648 232 648 288 0 1000.0
r 200 120 248 120 0 100.0
r 200 168 248 168 0 10.0
r 648 232 592 232 0 100000.0
r 648 288 592 288 0 100000.0
r 592 288 536 288 0 100.0
r 592 232 536 232 0 100000.0
a 592 256 544 256 3 15.0 -15.0 1000000.0
w 592 248 592 232 0
w 592 264 592 288 0
w 544 256 536 256 0
w 536 256 536 288 0
w 536 256 512 256 0
w 512 256 512 200 0
w 512 200 552 200 0
w 608 192 648 192 0
w 648 192 648 232 0
w 648 288 648 408 0
r 672 408 672 464 0 100.0
w 536 232 488 232 0
w 488 232 488 248 0
w 200 192 200 168 0
R 208 360 168 360 0 1 40.0 2.0 0.0 0.0 0.5
R 376 216 328 216 0 0 40.0 -2.5 0.0 0.0 0.5
w 632 408 648 408 0
w 616 408 632 408 0
w 600 408 616 408 0
w 584 408 600 408 0
w 568 408 584 408 0
w 552 408 568 408 0
w 536 408 552 408 0
s 648 408 648 424 0 1 false
s 616 408 616 424 0 1 false
s 584 408 584 424 0 0 false
s 552 408 552 424 0 1 false
w 536 408 520 408 0
r 648 448 648 424 0 10000.0
r 616 448 616 424 0 7000.0
r 584 448 584 424 0 3000.0
r 552 448 552 424 0 700.0
r 520 448 520 424 0 300.0
w 648 448 648 464 0
w 616 448 616 464 0
w 584 448 584 464 0
w 552 448 552 464 0
w 520 448 520 464 0
w 520 464 552 464 0
w 552 464 584 464 0
w 584 464 616 464 0
w 616 464 648 464 0
w 648 464 672 464 0
s 520 408 520 424 0 1 false
R 696 88 656 88 0 1 330.0 2.0 2.5 3.141592653589793 0.5
a 424 176 464 176 2 15.0 -15.0 1000000.0
r 424 144 464 144 0 100000.0
r 424 184 424 224 0 10000.0
w 464 144 464 176 0
w 424 144 424 168 0
w 424 168 400 168 0
g 424 224 424 240 0
g 488 248 488 264 0
w 312 120 376 120 0
g 200 192 200 208 0
w 400 168 376 168 0
r 376 168 376 216 0 100000.0
r 376 168 376 120 0 100000.0
c 424 104 464 104 0 1.0000000000000001E-7 -0.30813666322308725
w 464 104 464 144 0
w 424 104 424 144 0
w 376 120 376 96 0
w 376 96 200 96 0
g 824 248 824 264 0
w 824 232 824 248 0
w 872 232 824 232 0
w 1000 288 1000 408 0
w 984 192 984 232 0
w 944 192 984 192 0
w 848 200 888 200 0
w 848 256 848 200 0
w 872 256 848 256 0
w 872 256 872 288 0
w 880 256 872 256 0
w 928 264 928 288 0
w 928 248 928 232 0
a 928 256 880 256 3 15.0 -15.0 1000000.0
r 928 232 872 232 0 100000.0
r 928 288 872 288 0 100.0
r 984 288 928 288 0 100000.0
r 984 232 928 232 0 100000.0
r 984 232 984 288 0 1000.0
w 888 176 888 184 0
a 888 192 944 192 3 48.0 -48.0 1000000.0
w 776 112 776 88 0
w 824 96 824 136 0
w 864 96 864 136 0
c 824 80 864 80 0 1.0000000000000001E-7 0.001
r 776 160 776 112 0 100000.0
r 776 160 776 208 0 100000.0
w 800 160 776 160 0
w 824 160 800 160 0
w 824 136 824 160 0
w 864 136 864 168 0
r 824 176 824 216 0 10000.0
r 824 136 864 136 0 100000.0
a 824 168 864 168 2 15.0 -15.0 1000000.0
R 776 208 728 208 0 0 40.0 -2.5 0.0 0.0 0.5
w 824 216 824 232 0
w 864 168 888 168 0
w 888 168 888 176 0
w 672 408 984 408 0
R 200 96 160 96 0 1 50.0 2.0 2.5 0.0 0.5
R 776 88 744 88 0 0 40.0 0.15 0.0 0.0 0.5
g 984 408 984 424 0
o 26 16 0 33 0.01953125 0.003125 0 -1
o 6 32 0 34 5.0 9.765625E-5 1 -1
o 22 32 0 34 5.0 9.765625E-5 2 -1
o 66 64 0 34 7.62939453125E-5 9.765625E-5 3 -1
