$ 3 5.0E-6 10.20027730826997 58 5.0 50
R 240 360 192 360 0 2 490.0 2.5 2.5 0.0 0.5
c 216 120 216 168 0 2.2E-6 4.177643459786819
r 216 120 280 120 0 100.0
c 280 120 280 168 0 2.2000000000000002E-8 4.103123414491681
w 216 168 280 168 0
a 520 192 576 192 3 36.0 -36.0 1000000.0
w 432 176 520 176 0
w 520 176 520 184 0
r 616 232 616 288 0 1000.0
r 168 120 216 120 0 100.0
r 168 168 216 168 0 10.0
r 616 232 560 232 0 100000.0
r 616 288 560 288 0 100000.0
r 560 288 504 288 0 100.0
r 560 232 504 232 0 100000.0
a 560 256 512 256 3 15.0 -15.0 1000000.0
w 560 248 560 232 0
w 560 264 560 288 0
w 512 256 504 256 0
w 504 256 504 288 0
w 504 256 480 256 0
w 480 256 480 200 0
w 480 200 520 200 0
w 576 192 616 192 0
w 616 192 616 232 0
w 616 288 616 408 0
r 640 408 640 464 0 100.0
w 504 232 456 232 0
w 456 232 456 248 0
w 168 192 168 168 0
R 224 304 184 304 0 1 40.0 2.0 0.0 0.0 0.5
R 344 216 296 216 0 0 40.0 -2.5 0.0 0.0 0.5
w 600 408 616 408 0
w 584 408 600 408 0
w 568 408 584 408 0
w 552 408 568 408 0
w 536 408 552 408 0
w 520 408 536 408 0
w 504 408 520 408 0
s 616 408 616 424 0 1 false
s 584 408 584 424 0 1 false
s 552 408 552 424 0 0 false
s 520 408 520 424 0 1 false
w 504 408 488 408 0
r 616 448 616 424 0 10000.0
r 584 448 584 424 0 7000.0
r 552 448 552 424 0 3000.0
r 520 448 520 424 0 700.0
r 488 448 488 424 0 300.0
w 616 448 616 464 0
w 584 448 584 464 0
w 552 448 552 464 0
w 520 448 520 464 0
w 488 448 488 464 0
w 488 464 520 464 0
w 520 464 552 464 0
w 552 464 584 464 0
w 584 464 616 464 0
w 616 464 640 464 0
s 488 408 488 424 0 1 false
R 744 88 704 88 0 1 330.0 2.0 2.5 3.141592653589793 0.5
a 392 176 432 176 2 15.0 -15.0 1000000.0
r 392 144 432 144 0 100000.0
r 392 184 392 224 0 10000.0
w 432 144 432 176 0
w 392 144 392 168 0
w 392 168 368 168 0
g 392 224 392 240 0
g 456 248 456 264 0
w 280 120 344 120 0
g 168 192 168 208 0
w 368 168 344 168 0
r 344 168 344 216 0 100000.0
r 344 168 344 120 0 100000.0
c 392 88 432 88 0 1.0000000000000001E-7 -2.1141309475821024
w 432 104 432 144 0
w 392 104 392 144 0
w 344 120 344 96 0
w 344 96 168 96 0
g 792 248 792 264 0
w 792 232 792 248 0
w 840 232 792 232 0
w 952 288 952 408 0
w 952 192 952 232 0
w 912 192 952 192 0
w 816 200 856 200 0
w 816 256 816 200 0
w 840 256 816 256 0
w 840 256 840 288 0
w 848 256 840 256 0
w 896 264 896 288 0
w 896 248 896 232 0
a 896 256 848 256 3 15.0 -15.0 1000000.0
r 896 232 840 232 0 100000.0
r 896 288 840 288 0 100.0
r 952 288 896 288 0 100000.0
r 952 232 896 232 0 100000.0
r 952 232 952 288 0 1000.0
w 856 176 856 184 0
a 856 192 912 192 3 36.0 -36.0 1000000.0
w 744 112 744 88 0
w 792 96 792 136 0
w 832 96 832 136 0
c 792 80 832 80 0 1.0000000000000001E-7 0.001
r 744 160 744 112 0 100000.0
r 744 160 744 208 0 100000.0
w 768 160 744 160 0
w 792 160 768 160 0
w 792 136 792 160 0
w 832 136 832 168 0
r 792 176 792 216 0 10000.0
r 792 136 832 136 0 100000.0
a 792 168 832 168 2 15.0 -15.0 1000000.0
R 744 208 696 208 0 0 40.0 -2.5 0.0 0.0 0.5
w 792 216 792 232 0
w 832 168 856 168 0
w 856 168 856 176 0
w 640 408 952 408 0
R 168 96 128 96 0 1 50.0 2.0 2.5 0.0 0.5
R 720 136 688 136 0 0 40.0 3.0 0.0 0.0 0.5
o 26 16 0 33 0.15625 0.003125 0 -1
o 6 32 0 34 5.0 9.765625E-5 1 -1
o 22 32 0 34 5.0 9.765625E-5 2 -1
o 66 64 0 34 7.62939453125E-5 9.765625E-5 3 -1
