$ 1 5.0E-6 11.558428452718767 58 5.0 50
a 304 192 416 192 0 27.0 0.0 1000000.0
r 512 352 512 432 0 100.0
x 186 182 212 188 0 24 Vr
R 464 176 464 144 0 0 40.0 27.0 0.0 0.0 0.5
s 368 352 368 384 0 1 false
s 320 352 320 384 0 1 false
s 416 352 416 384 0 0 false
r 416 432 416 384 0 10000.0
r 368 432 368 384 0 7000.0
r 320 432 320 384 0 3000.0
r 272 432 272 384 0 100.0
w 304 352 272 352 0
w 304 352 320 352 0
w 336 352 320 352 0
w 336 352 368 352 0
w 400 352 368 352 0
w 400 352 416 352 0
w 272 432 320 432 0
w 320 432 368 432 0
w 368 432 416 432 0
s 464 352 464 384 0 1 false
r 464 384 464 432 0 20000.0
w 416 432 464 432 0
w 464 432 512 432 0
w 464 352 416 352 0
p 240 352 240 400 0
p 272 160 272 192 0
w 304 160 272 160 0
w 304 160 304 176 0
w 240 352 272 352 0
R 240 208 240 176 0 0 40.0 1.23 0.0 0.0 0.5
s 272 352 272 384 0 1 false
a 608 192 688 192 0 15.0 -15.0 1000000.0
r 560 176 608 176 0 100000.0
r 560 208 608 208 0 100000.0
w 512 160 560 160 0
w 512 208 544 208 0
r 512 208 512 160 0 1000.0
w 560 176 560 160 0
w 544 208 560 208 0
w 304 144 304 160 0
f 416 192 464 192 0 1.5
w 464 352 464 208 0
w 512 352 512 208 0
g 512 160 512 128 0
w 688 192 688 96 0
w 608 176 608 96 0
w 688 96 608 96 0
w 608 96 304 96 0
w 304 96 304 144 0
w 304 208 240 208 0
x 322 325 397 331 0 24 Rhead
x 476 193 505 199 0 24 Rs
o 1 8 1 35 6.103515625E-4 9.765625E-5 0 -1
o 25 64 0 34 40.0 9.765625E-5 1 -1
o 26 64 0 34 1.25 9.765625E-5 2 -1
o 37 16 0 33 0.625 0.003125 3 -1
