$ 1 5.0E-6 9.001713130052181 59 5.0 43
a 256 64 176 64 1 15.0 -15.0 1000000.0
w 176 64 112 64 0
w 112 64 112 128 0
w 256 80 304 80 0
R 352 48 448 48 0 1 40.0 1.0 1.0 0.0 0.5
r 112 368 176 368 0 2666.0
w 112 192 112 368 0
R 384 160 416 160 0 0 40.0 0.0 0.0 0.0 0.5
x 433 170 535 176 0 24 V0 (gnd)
x 59 48 143 54 0 24 Rsense
x 108 399 184 405 0 24 (head)
w 256 48 352 48 0
w 304 80 304 160 0
w 176 368 176 320 0
w 112 128 112 192 0
w 176 320 176 160 0
r 304 160 384 160 0 1000.0
w 256 160 304 160 0
w 256 160 176 160 0
o 5 64 0 33 5.0 0.00625 0 -1
o 11 64 0 35 5.0 9.765625E-5 1 -1
o 1 64 0 35 20.0 0.00625 2 -1
