$ 1 5.0E-6 9.001713130052181 59 5.0 43
a 528 80 448 80 1 9.0 0.0 1000000.0
w 384 80 320 80 0
w 384 80 384 144 0
w 528 96 576 96 0
R 624 64 720 64 0 1 40.0 1.0 1.01 0.0 0.5
R 656 176 688 176 0 0 40.0 0.0 0.0 0.0 0.5
x 705 186 807 192 0 24 V0 (gnd)
x 578 214 662 220 0 24 Rsense
x 477 380 553 386 0 24 (head)
w 528 64 624 64 0
w 576 96 576 176 0
w 448 336 448 176 0
r 576 176 656 176 0 500.0
w 528 176 448 176 0
w 528 176 576 176 0
174 448 400 464 336 0 10000.0 0.06440000000000001 Resistance
w 384 368 384 144 0
w 464 368 464 336 0
w 464 336 448 336 0
x 560 502 605 508 0 24 Iout
x 52 503 137 509 0 24 Vsignal
x 303 501 357 507 0 24 Vout
w 384 400 448 400 0
x 742 60 1029 66 0 24 Vsignal (1V = 1 mA out)
w 576 96 720 96 0
s 384 400 384 368 0 0 false
x 725 116 867 122 0 24 Vin-Analog1
x 770 497 912 503 0 24 Vin-Analog1
x 165 386 372 391 0 20 Simulate Disconnect
x 467 46 498 52 0 24 9V
w 384 80 448 80 0
x 170 81 312 87 0 24 Vin-Analog0
o 9 64 0 34 10.0 9.765625E-5 0 -1
o 1 64 0 34 10.0 9.765625E-5 1 -1
o 22 64 0 33 2.5 0.0125 2 -1
o 24 64 0 34 5.0 9.765625E-5 3 -1
