$ 1 5.0E-6 9.001713130052181 59 5.0 43
a 304 64 224 64 1 18.0 0.0 1000000.0
w 224 64 160 64 0
w 160 64 160 128 0
w 304 80 352 80 0
R 400 48 496 48 0 1 40.0 1.0 1.0 0.0 0.5
r 160 368 224 368 0 3666.0
w 160 192 160 368 0
R 432 160 464 160 0 0 40.0 0.0 0.0 0.0 0.5
x 481 170 583 176 0 24 V0 (gnd)
x 354 198 438 204 0 24 Rsense
x 156 399 232 405 0 24 (head)
w 304 48 400 48 0
w 352 80 352 160 0
w 224 368 224 320 0
w 224 320 224 160 0
r 352 160 432 160 0 1000.0
w 304 160 224 160 0
f 112 144 160 144 0 2.5
w 304 160 352 160 0
w 160 160 160 192 0
174 80 176 112 112 0 100000.0 0.48020000000000007 Resistance
R 80 176 80 208 0 0 40.0 0.0 0.0 0.0 0.5
R 80 112 80 80 0 0 40.0 18.0 0.0 0.0 0.5
w 176 128 176 160 0
o 5 32 0 33 2.5 0.003125 0 -1
o 11 64 0 35 10.0 9.765625E-5 1 -1
o 1 64 0 35 40.0 0.003125 2 -1
