$ 1 5.0E-6 9.001713130052181 59 5.0 43
a 272 32 192 32 1 9.0 0.0 1000000.0
w 192 32 128 32 0
w 128 32 128 96 0
w 272 48 320 48 0
R 368 16 464 16 0 1 40.0 1.0 1.0 0.0 0.5
r 128 352 192 352 0 1.0
R 400 128 432 128 0 0 40.0 0.0 0.0 0.0 0.5
x 449 138 551 144 0 24 V0 (gnd)
x 322 166 406 172 0 24 Rsense
x 136 422 212 428 0 24 (head)
w 272 16 368 16 0
w 320 48 320 128 0
w 192 288 192 128 0
r 320 128 400 128 0 1000.0
w 272 128 192 128 0
w 272 128 320 128 0
R 352 208 352 176 0 0 40.0 3.3 0.0 0.0 0.5
t 320 304 352 304 0 1 0.2461968956032532 0.6575039995981857 100.0
174 192 352 208 288 0 10000.0 0.44060000000000005 Resistance
w 128 352 128 128 0
w 128 128 128 96 0
w 208 320 208 288 0
w 208 288 192 288 0
w 352 256 352 288 0
174 464 320 480 384 0 1000.0 0.36140000000000005 Resistance
w 416 352 416 384 0
w 368 384 352 384 0
g 352 384 352 416 0
d 320 304 320 336 1 0.805904783
d 320 336 320 352 1 0.805904783
w 320 352 320 384 0
w 320 384 352 384 0
w 320 304 320 256 0
174 352 208 368 240 0 100.0 0.09410000000000002 Resistance
w 352 208 320 208 0
w 320 208 320 256 0
w 352 240 352 256 0
w 368 224 368 240 0
w 368 240 352 240 0
r 352 320 352 384 0 100.0
o 5 32 0 33 0.001220703125 0.003125 0 -1
o 10 64 0 35 5.0 9.765625E-5 1 -1
o 1 64 0 35 20.0 0.003125 2 -1
o 23 64 0 33 2.5 0.1 3 -1
