$ 3 5.0E-6 10.20027730826997 58 5.0 50
a 488 64 544 64 3 36.0 -36.0 1000000.0
w 400 56 488 56 0
r 584 120 584 176 0 1000.0
r 584 120 528 120 0 100000.0
r 584 176 528 176 0 100000.0
r 528 176 472 176 0 100000.0
r 528 120 472 120 0 100000.0
a 528 144 480 144 3 15.0 -15.0 1000000.0
w 528 136 528 120 0
w 528 152 528 176 0
w 480 144 472 144 0
w 472 144 472 176 0
w 448 72 488 72 0
w 544 64 584 64 0
w 584 64 584 104 0
r 608 344 608 400 0 100.0
R 104 384 56 384 0 0 40.0 -2.5 0.0 0.0 0.5
w 568 344 584 344 0
w 552 344 568 344 0
w 536 344 552 344 0
w 520 344 536 344 0
w 504 344 520 344 0
w 488 344 504 344 0
w 472 344 488 344 0
s 584 344 584 360 0 1 false
s 552 344 552 360 0 0 false
s 520 344 520 360 0 1 false
s 488 344 488 360 0 1 false
w 472 344 456 344 0
r 584 384 584 360 0 10000.0
r 552 384 552 360 0 7000.0
r 520 384 520 360 0 3000.0
r 488 384 488 360 0 700.0
r 456 384 456 360 0 300.0
w 584 384 584 400 0
w 552 384 552 400 0
w 520 384 520 400 0
w 488 384 488 400 0
w 456 384 456 400 0
w 456 400 488 400 0
w 488 400 520 400 0
w 520 400 552 400 0
w 552 400 584 400 0
w 584 400 608 400 0
s 456 344 456 360 0 1 false
a 152 344 192 344 2 15.0 -15.0 1000000.0
r 152 312 192 312 0 100000.0
r 152 352 152 392 0 10000.0
w 192 312 192 344 0
w 152 312 152 336 0
w 152 336 128 336 0
g 152 392 152 408 0
w 128 336 104 336 0
r 104 336 104 384 0 100000.0
r 104 336 104 288 0 100000.0
c 152 272 192 272 0 1.0000000000000001E-7 -2.4999750004992967
w 192 272 192 312 0
w 152 272 152 312 0
w 104 288 104 264 0
R 320 56 280 56 0 1 50.0 2.0 2.5 0.0 0.5
w 208 344 192 344 0
w 584 176 584 216 0
w 584 296 584 344 0
w 608 344 608 296 0
w 608 296 640 296 0
L 464 296 440 296 0 1 false 5.0 0.0
178 584 264 584 280 1 1 2.0E-6 0.07574233058216251 0.05 1.0E9 0.07 66.0
w 568 280 584 296 0
w 600 280 616 264 0
r 616 264 616 240 0 100.0
g 616 240 616 224 0
t 464 296 488 296 0 1 4.999751241728672 5.0 100.0
g 488 312 512 312 0
R 552 280 552 312 0 0 40.0 5.0 0.0 0.0 0.5
r 536 280 488 280 0 0.01
R 104 168 64 168 0 1 40.0 2.0 0.0 0.0 0.5
w 640 296 640 152 0
g 640 152 640 136 0
R 152 152 152 176 0 0 40.0 2.5 0.0 0.0 0.5
w 584 216 584 264 0
r 208 112 152 112 0 100000.0
r 304 120 304 72 0 100000.0
a 120 104 72 104 2 15.0 -15.0 1000000.0
r 152 152 152 112 0 100000.0
r 72 72 120 72 0 100000.0
w 72 72 72 104 0
w 120 72 120 96 0
w 336 72 448 72 0
w 400 56 320 56 0
w 152 112 120 112 0
r 120 72 168 72 0 100000.0
w 40 104 72 104 0
w 304 72 336 72 0
w 304 136 304 120 0
w 584 104 584 120 0
w 168 72 208 72 0
w 472 104 472 120 0
g 248 176 224 176 0
w 472 144 304 144 0
w 304 144 304 136 0
g 208 72 224 72 0
R 472 104 432 104 0 0 40.0 2.5 0.0 0.0 0.5
o 15 16 0 33 0.15625 0.00625 0 -1
o 1 32 0 34 5.0 9.765625E-5 1 -1
o 12 32 0 34 5.0 9.765625E-5 2 -1
o 14 64 0 35 40.0 0.00625 3 -1
o 10 64 0 34 10.0 9.765625E-5 4 -1
