$ 1 5.0E-6 9.001713130052181 59 5.0 43
a 288 176 368 176 1 15.0 -15.0 1000000.0
a 368 80 288 80 1 15.0 -15.0 1000000.0
r 224 144 224 208 0 100.0
w 288 80 224 80 0
w 224 80 224 144 0
w 288 144 288 160 0
w 288 192 288 208 0
r 224 144 288 144 0 100000.0
r 288 208 224 208 0 100000.0
w 288 208 288 224 0
r 288 224 368 224 0 100000.0
w 288 144 288 128 0
r 288 128 352 128 0 100000.0
w 368 96 416 96 0
w 368 176 416 176 0
r 416 96 416 176 0 100000.0
R 464 32 560 32 0 1 40.0 2.0 2.5 0.0 0.5
w 352 128 368 128 0
R 368 128 384 128 0 0 40.0 0.25 0.0 0.0 0.5
x 357 153 394 159 0 24 Vs-
x 481 100 529 106 0 24 Vs+
w 368 176 368 224 0
r 224 384 288 384 0 5000.0
w 224 208 224 384 0
w 288 384 288 272 0
w 288 272 304 272 0
R 304 272 336 272 0 0 40.0 0.0 0.0 0.0 0.5
x 351 285 453 291 0 24 V0 (gnd)
x 111 183 195 189 0 24 Rsense
x 220 415 296 421 0 24 (head)
w 368 64 464 64 0
r 464 64 464 32 0 900.0
r 464 64 464 96 0 100.0
g 464 96 464 112 0
o 22 64 0 33 10.0 0.003125 0 -1
o 30 64 0 35 5.0 9.765625E-5 1 -1
