$ 3 5.0E-6 10.20027730826997 58 5.0 50
a 624 144 680 144 3 36.0 -36.0 1000000.0
w 536 128 624 128 0
w 624 128 624 136 0
r 720 184 720 240 0 1000.0
r 720 184 664 184 0 100000.0
r 720 240 664 240 0 100000.0
r 664 240 608 240 0 100000.0
r 664 184 608 184 0 100000.0
a 664 208 616 208 3 15.0 -15.0 1000000.0
w 664 200 664 184 0
w 664 216 664 240 0
w 616 208 608 208 0
w 608 208 608 240 0
w 608 208 584 208 0
w 584 208 584 152 0
w 584 152 624 152 0
w 680 144 720 144 0
w 720 144 720 184 0
r 744 360 744 416 0 100.0
w 608 184 560 184 0
w 560 184 560 200 0
R 352 352 304 352 0 0 40.0 -2.5 0.0 0.0 0.5
w 704 360 720 360 0
w 688 360 704 360 0
w 672 360 688 360 0
w 656 360 672 360 0
w 640 360 656 360 0
w 624 360 640 360 0
w 608 360 624 360 0
s 720 360 720 376 0 1 false
s 688 360 688 376 0 0 false
s 656 360 656 376 0 1 false
s 624 360 624 376 0 1 false
w 608 360 592 360 0
r 720 400 720 376 0 10000.0
r 688 400 688 376 0 7000.0
r 656 400 656 376 0 3000.0
r 624 400 624 376 0 700.0
r 592 400 592 376 0 300.0
w 720 400 720 416 0
w 688 400 688 416 0
w 656 400 656 416 0
w 624 400 624 416 0
w 592 400 592 416 0
w 592 416 624 416 0
w 624 416 656 416 0
w 656 416 688 416 0
w 688 416 720 416 0
w 720 416 744 416 0
s 592 360 592 376 0 1 false
a 400 312 440 312 2 15.0 -15.0 1000000.0
r 400 280 440 280 0 100000.0
r 400 320 400 360 0 10000.0
w 440 280 440 312 0
w 400 280 400 304 0
w 400 304 376 304 0
g 400 360 400 376 0
g 560 200 560 216 0
w 376 304 352 304 0
r 352 304 352 352 0 100000.0
r 352 304 352 256 0 100000.0
c 400 240 440 240 0 1.0000000000000001E-7 -0.5097222856886376
w 440 240 440 280 0
w 400 240 400 280 0
w 352 256 352 232 0
R 352 232 312 232 0 1 50.0 2.0 2.5 0.0 0.5
w 456 312 440 312 0
w 720 240 720 280 0
w 720 312 720 360 0
w 744 360 744 312 0
w 744 312 776 312 0
L 600 312 576 312 0 1 false 5.0 0.0
178 720 280 720 296 1 1 2.0E-6 0.07574233058216251 0.05 1.0E9 0.07 66.0
w 704 296 720 312 0
w 736 296 752 280 0
r 752 280 752 256 0 100.0
g 752 256 752 240 0
t 600 312 624 312 0 1 4.999751241728672 5.0 100.0
g 624 328 648 328 0
R 688 296 688 328 0 0 40.0 5.0 0.0 0.0 0.5
r 672 296 624 296 0 0.01
R 536 128 496 128 0 1 40.0 2.0 0.0 0.0 0.5
w 776 312 776 168 0
g 776 168 776 152 0
o 18 16 0 33 0.15625 0.003125 0 -1
o 1 32 0 34 5.0 9.765625E-5 1 -1
o 15 32 0 34 2.5 9.765625E-5 2 -1
o 55 64 0 34 7.62939453125E-5 9.765625E-5 3 -1
o 17 64 0 35 20.0 0.003125 4 -1
