$ 1 5.0E-6 9.001713130052181 59 5.0 43
a 240 176 320 176 1 15.0 -15.0 1000000.0
a 320 80 240 80 1 15.0 -15.0 1000000.0
r 176 144 176 208 0 1000.0
w 240 80 176 80 0
w 176 80 176 144 0
w 240 144 240 160 0
w 240 192 240 208 0
r 176 144 240 144 0 100000.0
r 240 208 176 208 0 100000.0
w 240 208 240 224 0
r 240 224 320 224 0 100000.0
w 240 144 240 128 0
r 240 128 304 128 0 100000.0
w 320 96 368 96 0
w 320 176 368 176 0
r 368 96 368 176 0 100000.0
R 320 64 416 64 0 1 40.0 2.0 2.5 0.0 0.5
w 304 128 320 128 0
R 320 128 336 128 0 0 40.0 2.5 0.0 0.0 0.5
x 309 153 346 159 0 24 Vs-
x 433 100 481 106 0 24 Vs+
w 320 176 320 224 0
r 176 384 240 384 0 5000.0
w 176 208 176 384 0
w 240 384 240 272 0
w 240 272 256 272 0
R 256 272 288 272 0 0 40.0 0.0 0.0 0.0 0.5
x 303 285 405 291 0 24 V0 (gnd)
x 63 183 147 189 0 24 Rsense
x 172 415 248 421 0 24 (head)
o 22 64 0 35 10.0 0.0125 0 -1
