$ 3 5.0E-6 10.20027730826997 58 5.0 50
R 280 144 232 144 0 2 490.0 2.5 2.5 0.0 0.65
c 376 120 376 168 0 2.2E-6 1.8284575192690158
r 376 120 440 120 0 100.0
c 440 120 440 168 0 2.2000000000000002E-8 1.6986749891225463
w 376 168 440 168 0
a 696 192 752 192 3 36.0 -36.0 1000000.0
w 608 176 696 176 0
w 696 176 696 184 0
r 792 232 792 288 0 1000.0
r 328 120 376 120 0 100.0
r 328 168 376 168 0 10.0
r 792 232 736 232 0 100000.0
r 792 288 736 288 0 100000.0
r 736 288 680 288 0 100000.0
r 736 232 680 232 0 100000.0
a 736 256 688 256 3 15.0 -15.0 1000000.0
w 736 248 736 232 0
w 736 264 736 288 0
w 688 256 680 256 0
w 680 256 680 288 0
w 680 256 656 256 0
w 656 256 656 200 0
w 656 200 696 200 0
w 752 192 792 192 0
w 792 192 792 232 0
r 816 408 816 464 0 100.0
w 680 232 632 232 0
w 632 232 632 248 0
w 328 192 328 168 0
R 504 216 456 216 0 0 40.0 -2.5 0.0 0.0 0.5
w 776 408 792 408 0
w 760 408 776 408 0
w 744 408 760 408 0
w 728 408 744 408 0
w 712 408 728 408 0
w 696 408 712 408 0
w 680 408 696 408 0
s 792 408 792 424 0 1 false
s 760 408 760 424 0 1 false
s 728 408 728 424 0 0 false
s 696 408 696 424 0 1 false
w 680 408 664 408 0
r 792 448 792 424 0 10000.0
r 760 448 760 424 0 7000.0
r 728 448 728 424 0 3000.0
r 696 448 696 424 0 700.0
r 664 448 664 424 0 300.0
w 792 448 792 464 0
w 760 448 760 464 0
w 728 448 728 464 0
w 696 448 696 464 0
w 664 448 664 464 0
w 664 464 696 464 0
w 696 464 728 464 0
w 728 464 760 464 0
w 760 464 792 464 0
w 792 464 816 464 0
s 664 408 664 424 0 1 false
a 552 176 592 176 2 15.0 -15.0 1000000.0
r 552 144 592 144 0 100000.0
r 552 184 552 224 0 10000.0
w 592 144 592 176 0
w 552 144 552 168 0
w 552 168 528 168 0
g 552 224 552 240 0
g 632 248 632 264 0
w 440 120 504 120 0
g 328 192 328 208 0
w 528 168 504 168 0
r 504 168 504 216 0 100000.0
r 504 168 504 120 0 100000.0
c 552 104 592 104 0 1.0000000000000001E-7 0.4530221533358078
w 592 104 592 144 0
w 552 104 552 144 0
w 504 120 504 96 0
w 504 96 328 96 0
R 328 96 288 96 0 1 50.0 2.0 2.5 0.0 0.5
w 608 176 592 176 0
g 848 360 848 384 0
w 792 288 792 328 0
w 792 360 792 408 0
w 816 408 816 360 0
w 816 360 848 360 0
L 672 360 648 360 0 0 false 5.0 0.0
178 792 328 792 344 1 1 2.0E-6 1.3100631690576847E-13 0.05 1.0E9 0.07 66.0
w 776 344 792 360 0
w 808 344 824 328 0
r 824 328 824 304 0 100.0
g 824 304 824 288 0
t 672 360 696 360 0 1 -4.9999999999913625 0.0 100.0
g 696 376 720 376 0
R 760 344 760 376 0 0 40.0 5.0 0.0 0.0 0.5
r 744 344 696 344 0 0.01
o 25 16 0 33 7.62939453125E-5 9.765625E-5 0 -1
o 6 32 0 34 1.25 9.765625E-5 1 -1
o 22 32 0 34 1.25 9.765625E-5 2 -1
o 63 64 0 34 7.62939453125E-5 9.765625E-5 3 -1
o 24 64 0 35 5.0 0.0015625 4 -1
