$ 1 5.0E-6 9.001713130052181 59 5.0 43
a 320 160 400 160 1 15.0 -15.0 1000000.0
a 400 64 320 64 1 15.0 -15.0 1000000.0
r 256 128 256 192 0 100.0
w 320 64 256 64 0
w 256 64 256 128 0
w 320 128 320 144 0
w 320 176 320 192 0
r 256 128 320 128 0 10000.0
r 320 192 256 192 0 10000.0
w 320 192 320 208 0
r 320 208 400 208 0 90000.0
w 320 128 320 112 0
r 320 112 384 112 0 90000.0
w 400 80 448 80 0
w 400 160 448 160 0
r 448 80 448 160 0 10000.0
R 496 48 592 48 0 1 40.0 2.0 2.5 0.0 0.5
w 384 112 400 112 0
R 400 112 416 112 0 0 40.0 2.5 0.0 0.0 0.5
x 391 146 428 152 0 24 Vs-
x 513 84 561 90 0 24 Vs+
w 400 160 400 208 0
r 256 368 320 368 0 6666.0
w 256 192 256 368 0
w 320 368 320 256 0
w 320 256 336 256 0
R 336 256 368 256 0 0 40.0 0.0 0.0 0.0 0.5
x 383 269 485 275 0 24 V0 (gnd)
x 203 48 287 54 0 24 Rsense
x 252 399 328 405 0 24 (head)
w 400 48 496 48 0
a 192 288 112 288 1 15.0 -15.0 1000000.0
w 192 128 192 144 0
w 192 192 192 176 0
r 192 128 256 128 0 600000.0
w 192 208 192 192 0
w 192 128 192 112 0
w 112 208 192 208 0
r 192 112 112 112 0 100000.0
R 112 112 80 112 0 0 40.0 2.5 0.0 0.0 0.5
w 192 144 208 144 0
o 22 64 0 33 10.0 0.003125 0 -1
o 30 64 0 35 5.0 9.765625E-5 1 -1
o 3 64 0 35 20.0 0.00625 2 -1
o 40 64 0 35 5.0 9.765625E-5 3 -1
