$ 3 5.0E-6 10.20027730826997 58 5.0 50
a 680 104 736 104 3 36.0 -36.0 1000000.0
w 592 96 680 96 0
r 776 160 776 216 0 1000.0
r 776 160 720 160 0 100000.0
r 776 216 720 216 0 100000.0
r 720 216 664 216 0 100000.0
r 720 160 664 160 0 100000.0
a 720 184 672 184 3 15.0 -15.0 1000000.0
w 720 176 720 160 0
w 720 192 720 216 0
w 672 184 664 184 0
w 664 184 664 216 0
w 640 112 680 112 0
w 736 104 776 104 0
w 776 104 776 144 0
r 800 384 800 440 0 100.0
R 296 424 248 424 0 0 40.0 -2.5 0.0 0.0 0.5
w 760 384 776 384 0
w 744 384 760 384 0
w 728 384 744 384 0
w 712 384 728 384 0
w 696 384 712 384 0
w 680 384 696 384 0
w 664 384 680 384 0
s 776 384 776 400 0 1 false
s 744 384 744 400 0 0 false
s 712 384 712 400 0 1 false
s 680 384 680 400 0 1 false
w 664 384 648 384 0
r 776 424 776 400 0 10000.0
r 744 424 744 400 0 7000.0
r 712 424 712 400 0 3000.0
r 680 424 680 400 0 700.0
r 648 424 648 400 0 300.0
w 776 424 776 440 0
w 744 424 744 440 0
w 712 424 712 440 0
w 680 424 680 440 0
w 648 424 648 440 0
w 648 440 680 440 0
w 680 440 712 440 0
w 712 440 744 440 0
w 744 440 776 440 0
w 776 440 800 440 0
s 648 384 648 400 0 1 false
a 344 384 384 384 2 15.0 -15.0 1000000.0
r 344 352 384 352 0 100000.0
r 344 392 344 432 0 10000.0
w 384 352 384 384 0
w 344 352 344 376 0
w 344 376 320 376 0
g 344 432 344 448 0
w 320 376 296 376 0
r 296 376 296 424 0 100000.0
r 296 376 296 328 0 100000.0
c 344 312 384 312 0 1.0000000000000001E-7 -2.4999750004992967
w 384 312 384 352 0
w 344 312 344 352 0
w 296 328 296 304 0
R 512 96 472 96 0 1 50.0 2.0 2.5 0.0 0.5
w 400 384 384 384 0
w 776 216 776 256 0
w 776 336 776 384 0
w 800 384 800 336 0
w 800 336 832 336 0
L 656 336 632 336 0 1 false 5.0 0.0
178 776 304 776 320 1 1 2.0E-6 0.07574233058216251 0.05 1.0E9 0.07 66.0
w 760 320 776 336 0
w 792 320 808 304 0
r 808 304 808 280 0 100.0
g 808 280 808 264 0
t 656 336 680 336 0 1 4.999751241728672 5.0 100.0
g 680 352 704 352 0
R 744 320 744 352 0 0 40.0 5.0 0.0 0.0 0.5
r 728 320 680 320 0 0.01
R 296 208 256 208 0 1 40.0 2.0 0.0 0.0 0.5
w 832 336 832 192 0
g 832 192 832 176 0
R 608 224 608 248 0 0 40.0 2.5 0.0 0.0 0.5
w 776 256 776 304 0
r 664 184 608 184 0 100000.0
r 496 160 496 112 0 100000.0
a 576 176 528 176 2 15.0 -15.0 1000000.0
r 608 224 608 184 0 100000.0
r 528 144 576 144 0 100000.0
w 528 144 528 176 0
w 576 144 576 168 0
w 528 112 640 112 0
w 592 96 512 96 0
w 608 184 576 184 0
r 576 144 624 144 0 100000.0
w 496 176 528 176 0
w 496 112 528 112 0
w 496 176 496 160 0
w 776 144 776 160 0
w 624 144 664 144 0
w 664 144 664 160 0
o 15 16 0 33 0.15625 0.003125 0 -1
o 1 32 0 34 5.0 9.765625E-5 1 -1
o 12 32 0 34 5.0 9.765625E-5 2 -1
o 14 64 0 35 40.0 0.003125 3 -1
o 10 64 0 34 20.0 9.765625E-5 4 -1
