$ 1 5.0E-6 9.001713130052181 59 5.0 43
a 256 208 336 208 1 15.0 -15.0 1000000.0
a 336 112 256 112 1 15.0 -15.0 1000000.0
r 192 176 192 240 0 100.0
w 256 112 192 112 0
w 192 112 192 176 0
w 256 176 256 192 0
w 256 224 256 240 0
r 192 176 256 176 0 10000.0
r 256 240 192 240 0 10000.0
w 256 240 256 256 0
r 256 256 336 256 0 90000.0
w 256 176 256 160 0
r 256 160 320 160 0 90000.0
w 336 128 384 128 0
w 336 208 384 208 0
r 384 128 384 208 0 10000.0
R 432 96 528 96 0 1 40.0 2.0 2.5 0.0 0.5
w 320 160 336 160 0
R 336 160 352 160 0 0 40.0 2.5 0.0 0.0 0.5
x 327 194 364 200 0 24 Vs-
x 449 132 497 138 0 24 Vs+
w 336 208 336 256 0
r 192 416 256 416 0 6666.0
w 496 224 496 400 0
w 256 416 256 304 0
w 256 304 272 304 0
R 272 304 304 304 0 0 40.0 0.0 0.0 0.0 0.5
x 319 317 421 323 0 24 V0 (gnd)
x 139 96 223 102 0 24 Rsense
x 188 447 264 453 0 24 (head)
w 336 96 432 96 0
w 128 176 128 192 0
w 128 240 128 224 0
r 64 128 128 128 0 600000.0
w 128 256 128 240 0
w 128 176 128 160 0
w 48 256 128 256 0
r 128 160 48 160 0 100000.0
R 48 160 16 160 0 0 40.0 2.5 0.0 0.0 0.5
w 128 192 144 192 0
w 192 240 192 320 0
178 208 320 208 352 0 1 2.0000000000000002E-7 -2.5 0.05 1000000.0 0.002 2.0
w 192 320 208 320 0
r 224 352 224 304 0 100.0
w 224 304 256 304 0
g 176 320 176 304 0
L 160 320 128 320 0 1 false 5.0 0.0
w 192 352 128 352 0
f 112 400 112 448 0 1.5
f 32 368 32 320 0 1.5
o 22 64 0 33 10.0 0.003125 0 -1
o 30 64 0 35 5.0 9.765625E-5 1 -1
o 3 64 0 35 20.0 0.003125 2 -1
o 39 64 0 35 5.0 9.765625E-5 3 -1
