$ 3 5.0E-6 10.20027730826997 58 5.0 50
R 128 152 80 152 0 2 490.0 2.5 2.5 0.0 0.65
c 224 128 224 176 0 2.2E-6 0.7749983727189085
r 224 128 288 128 0 100.0
c 288 128 288 176 0 2.2000000000000002E-8 0.8441610397731547
w 224 176 288 176 0
a 544 200 600 200 3 36.0 -36.0 1000000.0
w 456 184 544 184 0
w 544 184 544 192 0
r 640 240 640 296 0 1000.0
r 176 128 224 128 0 100.0
r 176 176 224 176 0 10.0
r 640 240 584 240 0 100000.0
r 640 296 584 296 0 100000.0
r 584 296 528 296 0 100000.0
r 584 240 528 240 0 100000.0
a 584 264 536 264 3 15.0 -15.0 1000000.0
w 584 256 584 240 0
w 584 272 584 296 0
w 536 264 528 264 0
w 528 264 528 296 0
w 528 264 504 264 0
w 504 264 504 208 0
w 504 208 544 208 0
w 600 200 640 200 0
w 640 200 640 240 0
r 664 416 664 472 0 100.0
w 528 240 480 240 0
w 480 240 480 256 0
w 176 200 176 176 0
R 352 224 304 224 0 0 40.0 -2.5 0.0 0.0 0.5
w 624 416 640 416 0
w 608 416 624 416 0
w 592 416 608 416 0
w 576 416 592 416 0
w 560 416 576 416 0
w 544 416 560 416 0
w 528 416 544 416 0
s 640 416 640 432 0 1 false
s 608 416 608 432 0 1 false
s 576 416 576 432 0 0 false
s 544 416 544 432 0 1 false
w 528 416 512 416 0
r 640 456 640 432 0 10000.0
r 608 456 608 432 0 7000.0
r 576 456 576 432 0 3000.0
r 544 456 544 432 0 700.0
r 512 456 512 432 0 300.0
w 640 456 640 472 0
w 608 456 608 472 0
w 576 456 576 472 0
w 544 456 544 472 0
w 512 456 512 472 0
w 512 472 544 472 0
w 544 472 576 472 0
w 576 472 608 472 0
w 608 472 640 472 0
w 640 472 664 472 0
s 512 416 512 432 0 0 false
a 400 184 440 184 2 15.0 -15.0 1000000.0
r 400 152 440 152 0 100000.0
r 400 192 400 232 0 10000.0
w 440 152 440 184 0
w 400 152 400 176 0
w 400 176 376 176 0
g 400 232 400 248 0
g 480 256 480 272 0
w 288 128 352 128 0
g 176 200 176 216 0
w 376 176 352 176 0
r 352 176 352 224 0 100000.0
r 352 176 352 128 0 100000.0
c 400 112 440 112 0 1.0000000000000001E-7 -0.4788565709631108
w 440 112 440 152 0
w 400 112 400 152 0
w 352 128 352 104 0
w 352 104 176 104 0
R 176 104 136 104 0 1 50.0 2.0 2.5 0.0 0.5
w 456 184 440 184 0
g 696 368 696 392 0
f 624 128 656 128 0 1.5
w 640 296 640 336 0
w 640 368 640 416 0
L 624 128 600 128 0 1 false 5.0 0.0
w 640 296 656 296 0
w 656 296 656 144 0
w 664 416 664 368 0
g 656 112 656 96 0
w 664 368 696 368 0
w 640 336 640 368 0
o 25 16 0 33 0.001220703125 1.953125E-4 0 -1
o 6 32 0 34 1.25 9.765625E-5 1 -1
o 22 32 0 34 1.25 9.765625E-5 2 -1
o 63 64 0 34 7.62939453125E-5 9.765625E-5 3 -1
