$ 3 5.0E-6 10.20027730826997 58 5.0 50
R 336 384 288 384 0 0 40.0 -5.0 0.0 0.0 0.5
R 480 240 432 240 0 2 400.0 2.5 2.5 0.0 0.05
c 384 312 384 360 0 1.0E-6 8.012054662492698
r 384 312 448 312 0 100.0
c 448 312 448 360 0 1.0E-8 8.012054662492698
w 384 360 448 360 0
a 672 160 728 160 3 36.0 -36.0 1000000.0
w 584 144 672 144 0
w 672 144 672 152 0
r 768 200 768 256 0 1000.0
r 336 312 384 312 0 10000.0
r 336 360 384 360 0 10.0
r 768 200 712 200 0 100000.0
r 768 256 712 256 0 100000.0
r 712 256 656 256 0 100.0
r 712 200 656 200 0 100000.0
a 712 224 664 224 3 15.0 -15.0 1000000.0
w 712 216 712 200 0
w 712 232 712 256 0
w 664 224 656 224 0
w 656 224 656 256 0
w 656 224 632 224 0
w 632 224 632 168 0
w 632 168 672 168 0
w 728 160 768 160 0
w 768 160 768 200 0
w 768 256 768 376 0
r 792 376 792 432 0 100.0
g 792 160 792 136 0
w 656 200 608 200 0
w 608 200 608 216 0
w 336 384 336 360 0
R 376 240 336 240 0 1 40.0 2.0 0.0 0.0 0.5
w 464 112 480 112 0
R 480 160 432 160 0 0 40.0 -2.5 0.0 0.0 0.5
w 752 376 768 376 0
w 736 376 752 376 0
w 720 376 736 376 0
w 704 376 720 376 0
w 688 376 704 376 0
w 672 376 688 376 0
w 656 376 672 376 0
s 768 376 768 392 0 1 false
s 736 376 736 392 0 1 false
s 704 376 704 392 0 0 false
s 672 376 672 392 0 1 false
w 656 376 640 376 0
r 768 416 768 392 0 10000.0
r 736 416 736 392 0 7000.0
r 704 416 704 392 0 3000.0
r 672 416 672 392 0 700.0
r 640 416 640 392 0 300.0
w 768 416 768 432 0
w 736 416 736 432 0
w 704 416 704 432 0
w 672 416 672 432 0
w 640 416 640 432 0
w 640 432 672 432 0
w 672 432 704 432 0
w 704 432 736 432 0
w 736 432 768 432 0
w 768 432 792 432 0
s 640 376 640 392 0 1 false
w 792 376 792 160 0
w 448 312 448 280 0
w 448 280 320 280 0
R 464 112 424 112 0 1 50.0 2.0 2.5 0.0 0.5
a 544 144 584 144 2 15.0 -15.0 1000000.0
r 544 112 584 112 0 100.0
r 520 112 480 112 0 100.0
r 520 160 480 160 0 100.0
r 544 152 544 192 0 100.0
w 584 112 584 144 0
w 544 112 544 136 0
w 544 136 520 136 0
w 520 160 520 136 0
w 520 136 520 112 0
g 544 192 544 208 0
g 608 216 608 232 0
o 27 16 0 33 0.078125 0.0015625 0 -1
o 7 32 0 34 2.5 9.765625E-5 1 -1
o 33 32 0 35 5.0 0.05 2 -1
o 23 32 0 34 2.5 9.765625E-5 3 -1
