$ 3 5.0E-6 10.20027730826997 58 5.0 50
R 408 160 360 160 0 0 40.0 2.5 0.0 0.0 0.5
R 408 232 360 232 0 2 400.0 2.5 2.5 0.0 0.05
c 456 112 456 160 0 1.0E-6 0.9652792257890028
r 456 112 520 112 0 100.0
c 520 112 520 160 0 1.0E-8 0.9587508933981779
w 456 160 520 160 0
a 608 128 664 128 3 36.0 -36.0 1000000.0
w 520 112 608 112 0
w 608 112 608 120 0
r 704 168 704 224 0 1000.0
r 408 112 456 112 0 10000.0
r 408 160 456 160 0 10.0
r 704 168 648 168 0 100000.0
r 704 224 648 224 0 100000.0
r 648 224 592 224 0 100.0
r 648 168 592 168 0 100000.0
a 648 192 600 192 3 15.0 -15.0 1000000.0
w 648 184 648 168 0
w 648 200 648 224 0
w 600 192 592 192 0
w 592 192 592 224 0
w 592 192 568 192 0
w 568 192 568 136 0
w 568 136 608 136 0
w 664 128 704 128 0
w 704 128 704 168 0
w 704 224 704 344 0
r 728 344 728 400 0 100.0
w 440 448 472 448 0
w 968 384 968 112 0
g 728 128 728 104 0
w 592 168 544 168 0
w 544 168 544 184 0
w 408 184 408 160 0
R 392 80 352 80 0 1 40.0 1.0 2.5 0.0 0.5
w 392 112 408 112 0
R 544 184 496 184 0 0 40.0 5.0 0.0 0.0 0.5
w 688 344 704 344 0
w 672 344 688 344 0
w 656 344 672 344 0
w 640 344 656 344 0
w 624 344 640 344 0
w 608 344 624 344 0
w 592 344 608 344 0
s 704 344 704 360 0 1 false
s 672 344 672 360 0 1 false
s 640 344 640 360 0 0 false
s 608 344 608 360 0 1 false
w 592 344 576 344 0
w 528 344 528 360 0
r 704 384 704 360 0 10000.0
r 672 384 672 360 0 7000.0
r 640 384 640 360 0 3000.0
r 608 384 608 360 0 700.0
r 576 384 576 360 0 300.0
w 704 384 704 400 0
w 672 384 672 400 0
w 640 384 640 400 0
w 608 384 608 400 0
w 576 384 576 400 0
w 576 400 608 400 0
w 608 400 640 400 0
w 640 400 672 400 0
w 672 400 704 400 0
w 704 400 728 400 0
s 576 344 576 360 0 1 false
w 728 344 728 128 0
w 520 112 520 80 0
w 520 80 392 80 0
o 27 16 0 33 0.0390625 0.00625 0 -1
o 7 32 0 34 5.0 9.765625E-5 1 -1
o 35 32 0 35 5.0 9.765625E-5 2 -1
o 23 32 0 34 5.0 9.765625E-5 3 -1
