$ 3 5.0E-6 10.20027730826997 58 5.0 50
R 352 112 304 112 0 2 490.0 2.5 2.5 0.0 0.1
c 400 112 400 160 0 2.2E-6 1.433222100728456
r 400 112 464 112 0 100.0
c 464 112 464 160 0 2.2000000000000002E-8 1.3991507502044096
w 400 160 464 160 0
a 704 184 760 184 3 36.0 -36.0 1000000.0
w 616 168 704 168 0
w 704 168 704 176 0
r 800 224 800 280 0 1000.0
r 352 112 400 112 0 100.0
r 352 160 400 160 0 10.0
r 800 224 744 224 0 100000.0
r 800 280 744 280 0 100000.0
r 744 280 688 280 0 100.0
r 744 224 688 224 0 100000.0
a 744 248 696 248 3 15.0 -15.0 1000000.0
w 744 240 744 224 0
w 744 256 744 280 0
w 696 248 688 248 0
w 688 248 688 280 0
w 688 248 664 248 0
w 664 248 664 192 0
w 664 192 704 192 0
w 760 184 800 184 0
w 800 184 800 224 0
w 800 280 800 400 0
r 824 400 824 456 0 100.0
g 824 184 824 160 0
w 688 224 640 224 0
w 640 224 640 240 0
w 352 184 352 160 0
R 408 264 368 264 0 1 40.0 2.0 0.0 0.0 0.5
R 528 208 480 208 0 0 40.0 -2.5 0.0 0.0 0.5
w 784 400 800 400 0
w 768 400 784 400 0
w 752 400 768 400 0
w 736 400 752 400 0
w 720 400 736 400 0
w 704 400 720 400 0
w 688 400 704 400 0
s 800 400 800 416 0 1 false
s 768 400 768 416 0 1 false
s 736 400 736 416 0 0 false
s 704 400 704 416 0 1 false
w 688 400 672 400 0
r 800 440 800 416 0 10000.0
r 768 440 768 416 0 7000.0
r 736 440 736 416 0 3000.0
r 704 440 704 416 0 700.0
r 672 440 672 416 0 300.0
w 800 440 800 456 0
w 768 440 768 456 0
w 736 440 736 456 0
w 704 440 704 456 0
w 672 440 672 456 0
w 672 456 704 456 0
w 704 456 736 456 0
w 736 456 768 456 0
w 768 456 800 456 0
w 800 456 824 456 0
s 672 400 672 416 0 1 false
w 824 400 824 184 0
R 280 160 240 160 0 1 50.0 2.0 2.5 0.0 0.5
a 576 168 616 168 2 15.0 -15.0 1000000.0
r 576 136 616 136 0 100000.0
r 576 176 576 216 0 10000.0
w 616 136 616 168 0
w 576 136 576 160 0
w 576 160 552 160 0
g 576 216 576 232 0
g 640 240 640 256 0
w 464 112 528 112 0
g 352 184 352 200 0
w 552 160 528 160 0
r 528 160 528 208 0 100000.0
r 528 160 528 112 0 100000.0
c 576 96 616 96 0 1.0000000000000001E-7 -2.0297333941941176
w 616 96 616 136 0
w 576 96 576 136 0
w 528 112 528 88 0
w 528 88 352 88 0
o 26 16 0 33 0.078125 0.0015625 0 -1
o 6 32 0 34 2.5 9.765625E-5 1 -1
o 22 32 0 34 2.5 9.765625E-5 2 -1
o 68 64 0 34 7.62939453125E-5 9.765625E-5 3 -1
