$ 1 5.0E-6 10.20027730826997 58 5.0 50
a 368 144 480 144 0 36.0 0.0 1000000.0
w 480 144 480 208 0
r 368 80 256 80 0 4850.0
g 256 80 256 112 0
w 368 80 368 128 0
r 576 304 576 384 0 10000.0
s 528 304 528 384 0 1 false
w 480 384 528 384 0
w 480 304 528 304 0
x 299 51 325 57 0 24 Vr
x 384 286 467 292 0 24 Vsense
x 522 291 554 297 0 24 R4
x 507 415 556 421 0 24 load
w 368 160 256 160 0
r 480 304 480 384 0 7000.0
w 528 384 576 384 0
w 576 304 576 80 0
w 576 80 368 80 0
R 32 112 32 144 0 2 4000.0 2.5 2.5 0.0 0.9500000000000001
c 96 112 96 160 0 1.0000000000000002E-6 4.799359052003106
r 96 112 160 112 0 10000.0
c 160 112 160 160 0 1.0E-8 4.799510837923326
w 224 112 224 160 0
w 224 160 256 160 0
w 96 160 160 160 0
w 160 160 160 192 0
g 160 192 160 224 0
r 32 112 96 112 0 10000.0
w 160 112 224 112 0
c 624 320 624 384 0 1.0E-8 -9.896407884910104
w 624 320 576 304 0
w 624 384 576 384 0
r 480 256 480 304 0 1000.0
t 288 288 320 288 0 1 -3.8125932681122094 0.5753834478952697 100.0
R 320 256 320 224 0 0 40.0 27.0 0.0 0.0 0.5
w 320 256 320 272 0
w 320 304 368 304 0
w 368 304 368 256 0
w 368 256 480 256 0
w 480 208 288 208 0
w 288 208 288 288 0
o 5 8 1 35 0.01953125 9.765625E-5 0 -1
o 32 64 0 35 2.5 0.0015625 1 -1
o 36 64 0 34 40.0 7.8125E-4 2 -1
