$ 1 5.0E-6 10.20027730826997 58 5.0 50
a 368 144 480 144 0 27.0 -27.0 1000000.0
w 480 144 480 208 0
r 368 80 256 80 0 5000.0
g 256 80 256 112 0
w 368 80 368 128 0
w 480 256 480 304 0
r 576 304 576 384 0 9000.0
s 528 304 528 384 0 1 false
w 480 384 528 384 0
w 480 304 528 304 0
x 299 51 325 57 0 24 Vr
x 370 232 453 238 0 24 Vsense
x 522 291 554 297 0 24 R4
x 507 415 556 421 0 24 load
w 368 160 256 160 0
r 480 304 480 384 0 7000.0
w 528 384 576 384 0
w 576 304 576 80 0
w 576 80 368 80 0
R 32 112 32 144 0 2 4000.0 2.5 2.5 0.0 0.98
c 96 112 96 160 0 1.0000000000000002E-6 4.899904916730594
r 96 112 160 112 0 10000.0
c 160 112 160 160 0 1.0E-8 4.899763391476518
w 224 112 224 160 0
w 224 160 256 160 0
w 96 160 160 160 0
w 160 160 160 192 0
g 160 192 160 224 0
r 32 112 96 112 0 10000.0
w 160 112 224 112 0
c 624 320 624 384 0 1.0E-8 -8.819500411003888
w 624 320 576 304 0
w 624 384 576 384 0
r 480 208 480 256 0 1000.0
o 5 64 0 33 20.0 0.0015625 0 -1
o 6 8 1 35 0.009765625 9.765625E-5 1 -1
o 19 64 0 35 10.0 0.003125 2 -1
