$ 1 5.0E-6 11.558428452718767 58 5.0 50
a 448 192 560 192 0 18.0 0.0 1000000.0
r 656 352 656 432 0 100.0
x 379 99 405 105 0 24 Vr
x 602 339 634 345 0 24 R4
r 688 192 688 240 0 1000.0
R 592 240 592 208 0 0 40.0 18.0 0.0 0.0 0.5
f 560 192 560 240 0 1.5
s 512 352 512 384 0 1 false
s 464 352 464 384 0 1 false
s 560 352 560 384 0 1 false
r 560 432 560 384 0 10000.0
r 512 432 512 384 0 7000.0
r 464 432 464 384 0 3000.0
r 416 432 416 384 0 100.0
w 448 352 416 352 0
w 448 352 464 352 0
w 480 352 464 352 0
w 480 352 512 352 0
w 544 352 512 352 0
w 544 352 560 352 0
w 416 432 464 432 0
w 464 432 512 432 0
w 512 432 560 432 0
s 608 352 608 384 0 1 false
r 608 384 608 432 0 20000.0
w 560 432 608 432 0
w 608 432 656 432 0
w 608 352 560 352 0
p 384 352 384 400 0
p 416 160 416 192 0
w 448 128 448 160 0
w 448 160 416 160 0
w 448 160 448 176 0
w 656 272 656 352 0
g 688 240 688 256 0
w 384 352 416 352 0
w 544 240 544 352 0
w 576 240 592 240 0
w 448 208 400 208 0
R 400 208 400 176 0 0 40.0 1.0 0.0 0.0 0.5
w 448 128 656 128 0
w 656 272 656 192 0
w 656 192 688 192 0
w 656 128 656 192 0
s 416 352 416 384 0 0 false
o 1 8 1 35 0.001220703125 9.765625E-5 0 -1
o 4 16 0 33 0.625 0.00625 1 -1
o 28 64 0 34 10.0 9.765625E-5 2 -1
o 29 64 0 34 5.0 9.765625E-5 3 -1
