$ 1 5.0E-6 10.20027730826997 58 5.0 50
a 368 160 480 160 0 36.0 0.0 1000000.0
r 368 96 256 96 0 4850.0
g 256 96 256 128 0
w 368 96 368 144 0
r 576 320 576 400 0 1000.0
x 299 67 325 73 0 24 Vr
x 438 255 466 261 0 24 Vs
x 522 307 554 313 0 24 R4
w 368 176 256 176 0
w 576 320 576 96 0
w 576 96 368 96 0
R 32 128 32 160 0 2 4000.0 2.5 2.5 0.0 0.9500000000000001
c 96 128 96 176 0 1.0000000000000002E-6 4.7900889536715185
r 96 128 160 128 0 10000.0
c 160 128 160 176 0 1.0E-8 4.789029377360348
w 224 128 224 176 0
w 224 176 256 176 0
w 96 176 160 176 0
w 160 176 160 208 0
g 160 208 160 240 0
r 32 128 96 128 0 10000.0
w 160 128 224 128 0
c 624 336 624 400 0 1.0E-8 -0.9873508541769089
w 624 336 576 320 0
w 624 400 576 400 0
r 480 224 480 272 0 1000.0
R 288 240 288 208 0 0 40.0 36.0 0.0 0.0 0.5
w 240 192 480 192 0
w 480 160 480 192 0
f 240 192 240 240 0 1.5
w 256 240 288 240 0
w 224 240 224 272 0
w 224 272 368 272 0
w 368 272 368 224 0
w 368 224 480 224 0
r 480 160 512 160 0 100000.0
g 512 160 528 160 0
s 432 320 432 352 0 1 false
s 384 320 384 352 0 1 false
s 336 320 336 352 0 1 false
s 480 320 480 352 0 1 false
r 480 400 480 352 0 10000.0
r 432 400 432 352 0 7000.0
r 384 400 384 352 0 1000.0
r 336 400 336 352 0 100.0
w 368 320 336 320 0
w 368 320 384 320 0
w 400 320 384 320 0
w 400 320 432 320 0
w 464 320 432 320 0
w 464 320 480 320 0
w 464 320 464 272 0
w 464 272 480 272 0
w 336 400 384 400 0
w 384 400 432 400 0
w 432 400 480 400 0
s 528 320 528 352 0 0 false
r 528 352 528 400 0 20000.0
w 480 400 528 400 0
w 528 400 576 400 0
w 528 320 480 320 0
o 4 8 1 35 0.001220703125 9.765625E-5 0 -1
o 25 64 0 33 0.625 0.0015625 1 -1
o 34 64 0 35 40.0 0.0015625 2 -1
