$ 1 5.0E-6 11.558428452718767 58 5.0 50
a 560 192 672 192 0 18.0 0.0 1000000.0
g 448 128 448 160 0
r 768 352 768 432 0 100.0
x 491 99 517 105 0 24 Vr
x 251 382 279 388 0 24 Vs
x 714 339 746 345 0 24 R4
w 560 208 448 208 0
R 144 160 144 192 0 2 4000.0 2.5 2.5 0.0 0.9500000000000001
c 208 160 208 208 0 1.0000000000000002E-6 3.4264109632019326
r 208 160 272 160 0 10000.0
c 272 160 272 208 0 1.0E-8 2.057410319966465
w 416 208 448 208 0
w 208 208 272 208 0
w 272 208 272 240 0
g 272 240 272 272 0
r 144 160 208 160 0 10000.0
w 272 160 336 160 0
c 816 368 816 432 0 1.0E-8 -0.13713101319007526
w 816 368 768 352 0
w 816 432 768 432 0
r 800 192 800 240 0 500.0
R 480 272 480 240 0 0 40.0 18.0 0.0 0.0 0.5
w 672 192 672 224 0
f 432 224 432 272 0 1.5
w 448 272 480 272 0
w 416 272 416 304 0
w 560 256 672 256 0
r 672 192 704 192 0 100000.0
g 704 192 720 192 0
s 624 352 624 384 0 1 false
s 576 352 576 384 0 1 false
s 528 352 528 384 0 1 false
s 672 352 672 384 0 0 false
r 672 432 672 384 0 10000.0
r 624 432 624 384 0 7000.0
r 576 432 576 384 0 3000.0
r 528 432 528 384 0 100.0
w 560 352 528 352 0
w 560 352 576 352 0
w 592 352 576 352 0
w 592 352 624 352 0
w 656 352 624 352 0
w 656 352 672 352 0
w 656 352 656 304 0
w 656 304 672 304 0
w 528 432 576 432 0
w 576 432 624 432 0
w 624 432 672 432 0
s 720 352 720 384 0 1 false
r 720 384 720 432 0 20000.0
w 672 432 720 432 0
w 720 432 768 432 0
w 720 352 672 352 0
w 416 304 304 304 0
w 304 304 304 352 0
w 304 400 304 432 0
w 304 432 496 432 0
w 496 432 496 256 0
w 496 256 560 256 0
w 672 256 672 304 0
p 704 256 704 304 0
w 672 256 704 256 0
a 400 368 432 368 1 36.0 -36.0 1000000.0
w 352 352 400 352 0
w 432 368 464 368 0
p 480 368 480 400 0
w 464 368 480 368 0
w 464 368 464 400 0
w 384 400 384 384 0
w 384 384 400 384 0
w 352 400 384 400 0
w 464 400 384 400 0
r 304 352 352 352 0 100000.0
r 304 400 352 400 0 100000.0
w 464 224 432 224 0
w 464 224 672 224 0
p 528 160 528 192 0
w 560 128 560 160 0
w 560 160 528 160 0
w 560 160 560 176 0
w 848 272 768 272 0
w 768 272 768 352 0
w 768 272 768 128 0
w 768 128 800 128 0
s 800 144 800 192 0 0 false
g 800 240 800 256 0
w 848 304 832 304 0
w 832 304 832 336 0
w 896 288 928 288 0
w 800 128 800 144 0
a 848 288 896 288 1 24.0 -24.0 1000000.0
r 448 128 512 128 0 5000.0
w 928 288 928 96 0
w 928 96 560 96 0
w 560 96 560 128 0
g 928 384 928 416 0
w 928 288 928 336 0
r 928 384 832 384 0 1000.0
S 928 336 880 336 0 1 false 0
w 880 320 832 336 0
r 832 352 880 352 0 2000.0
w 832 336 832 352 0
w 832 352 832 384 0
w 304 352 304 400 0
r 336 160 336 224 0 10000.0
r 336 224 336 272 0 5000.0
g 336 272 336 288 0
w 336 224 416 224 0
w 416 224 416 208 0
o 2 8 1 35 3.0517578125E-4 9.765625E-5 0 -1
o 20 16 0 33 0.625 0.0015625 1 -1
o 60 64 0 34 20.0 9.765625E-5 2 -1
o 76 64 0 34 1.25 9.765625E-5 3 -1
