$ 1 5.0E-6 11.558428452718767 58 5.0 50
a 528 192 640 192 0 18.0 0.0 1000000.0
g 416 128 416 160 0
r 736 352 736 432 0 100.0
x 459 99 485 105 0 24 Vr
x 219 382 247 388 0 24 Vs
x 682 339 714 345 0 24 R4
w 528 208 416 208 0
R 192 160 192 192 0 2 4000.0 2.5 2.5 0.0 0.9500000000000001
c 256 160 256 208 0 1.0000000000000002E-6 4.700163886230176
r 256 160 320 160 0 10000.0
c 320 160 320 208 0 1.0E-8 4.699383164267438
w 384 160 384 208 0
w 384 208 416 208 0
w 256 208 320 208 0
w 320 208 320 240 0
g 320 240 320 272 0
r 192 160 256 160 0 10000.0
w 320 160 384 160 0
c 784 368 784 432 0 1.0E-8 -0.09398569253867439
w 784 368 736 352 0
w 784 432 736 432 0
r 272 352 272 400 0 1000.0
R 448 272 448 240 0 0 40.0 18.0 0.0 0.0 0.5
w 640 192 640 224 0
f 400 224 400 272 0 1.5
w 416 272 448 272 0
w 384 272 384 304 0
w 528 256 640 256 0
r 640 192 672 192 0 100000.0
g 672 192 688 192 0
s 592 352 592 384 0 1 false
s 544 352 544 384 0 1 false
s 496 352 496 384 0 1 false
s 640 352 640 384 0 0 false
r 640 432 640 384 0 10000.0
r 592 432 592 384 0 7000.0
r 544 432 544 384 0 3000.0
r 496 432 496 384 0 100.0
w 528 352 496 352 0
w 528 352 544 352 0
w 560 352 544 352 0
w 560 352 592 352 0
w 624 352 592 352 0
w 624 352 640 352 0
w 624 352 624 304 0
w 624 304 640 304 0
w 496 432 544 432 0
w 544 432 592 432 0
w 592 432 640 432 0
s 688 352 688 384 0 0 false
r 688 384 688 432 0 20000.0
w 640 432 688 432 0
w 688 432 736 432 0
w 688 352 640 352 0
w 384 304 272 304 0
w 272 304 272 352 0
w 272 400 272 432 0
w 272 432 464 432 0
w 464 432 464 256 0
w 464 256 528 256 0
w 640 256 640 304 0
p 672 256 672 304 0
w 640 256 672 256 0
a 368 368 400 368 1 36.0 -36.0 1000000.0
w 320 352 368 352 0
w 400 368 432 368 0
p 448 368 448 400 0
w 432 368 448 368 0
w 432 368 432 400 0
w 352 400 352 384 0
w 352 384 368 384 0
w 320 400 352 400 0
g 192 336 192 352 0
w 432 400 352 400 0
r 272 352 320 352 0 100000.0
r 272 400 320 400 0 100000.0
w 432 224 400 224 0
w 432 224 640 224 0
p 496 160 496 192 0
w 528 128 528 160 0
w 528 160 496 160 0
w 528 160 528 176 0
w 816 272 736 272 0
w 736 272 736 352 0
w 736 272 736 128 0
w 736 128 768 128 0
s 768 144 768 192 0 0 false
g 768 240 768 256 0
w 816 304 800 304 0
w 800 304 800 336 0
w 864 336 864 288 0
w 864 288 896 288 0
r 768 192 768 240 0 5000.0
w 768 128 768 144 0
a 816 288 864 288 1 18.0 0.0 1000000.0
r 416 128 480 128 0 5000.0
w 896 288 896 96 0
w 896 96 528 96 0
w 528 96 528 128 0
r 800 336 864 336 0 1000000.0
r 864 336 864 384 0 10000.0
g 864 384 864 416 0
o 2 8 1 35 1.52587890625E-4 9.765625E-5 0 -1
o 21 16 0 33 0.625 0.0015625 1 -1
o 61 64 0 34 20.0 9.765625E-5 2 -1
o 78 64 0 34 20.0 9.765625E-5 3 -1
