$ 1 5.0E-6 10.20027730826997 58 5.0 50
a 368 128 480 128 0 36.0 0.0 1000000.0
r 368 64 256 64 0 4850.0
g 256 64 256 96 0
w 368 64 368 112 0
r 576 288 576 368 0 10000.0
s 528 288 528 368 0 0 false
w 480 368 528 368 0
w 480 288 528 288 0
x 299 35 325 41 0 24 Vr
x 384 270 467 276 0 24 Vsense
x 522 275 554 281 0 24 R4
x 507 399 556 405 0 24 load
w 368 144 256 144 0
r 480 288 480 368 0 7000.0
w 528 368 576 368 0
w 576 288 576 64 0
w 576 64 368 64 0
R 32 96 32 128 0 2 4000.0 2.5 2.5 0.0 0.9500000000000001
c 96 96 96 144 0 1.0000000000000002E-6 4.79925860282185
r 96 96 160 96 0 10000.0
c 160 96 160 144 0 1.0E-8 4.7995211974368805
w 224 96 224 144 0
w 224 144 256 144 0
w 96 144 160 144 0
w 160 144 160 176 0
g 160 176 160 208 0
r 32 96 96 96 0 10000.0
w 160 96 224 96 0
c 624 304 624 368 0 1.0E-8 -9.896600800929829
w 624 304 576 288 0
w 624 368 576 368 0
r 480 240 480 288 0 1000.0
t 288 272 320 272 0 1 -19.73909827614594 0.5753838626654879 100.0
R 320 240 320 208 0 0 40.0 36.0 0.0 0.0 0.5
w 320 240 320 256 0
w 320 288 368 288 0
w 368 288 368 240 0
w 368 240 480 240 0
w 480 192 288 192 0
w 288 192 288 272 0
r 288 272 288 368 0 100000.0
g 288 368 288 416 0
r 512 128 512 192 0 100000.0
w 480 128 480 192 0
o 4 8 1 35 0.01953125 9.765625E-5 0 -1
o 31 64 0 33 0.625 0.0015625 1 -1
o 35 64 0 34 40.0 7.8125E-4 2 -1
