$ 1 5.0E-6 10.20027730826997 58 5.0 50
a 400 144 512 144 0 15.0 -15.0 1000000.0
w 512 144 512 208 0
r 400 80 288 80 0 5000.0
w 400 160 400 208 0
R 288 80 288 32 0 0 40.0 10.0 0.0 0.0 0.5
g 400 304 400 336 0
w 400 80 400 128 0
w 512 256 512 304 0
r 608 304 608 384 0 9000.0
s 560 304 560 384 0 1 false
w 512 384 560 384 0
w 512 304 560 304 0
x 331 51 357 57 0 24 Vr
x 129 401 161 407 0 24 R2
x 329 307 361 313 0 24 R3
x 554 291 586 297 0 24 R4
x 539 415 588 421 0 24 load
w 400 160 288 160 0
r 512 304 512 384 0 7000.0
w 560 384 608 384 0
w 512 208 512 256 0
w 608 304 608 80 0
w 608 80 400 80 0
R 288 224 288 256 0 3 40.0 15.0 0.0 0.0 0.5
w 64 112 128 112 0
w 288 160 128 160 0
c 128 112 128 160 0 0.001 -10.000000000047773
r 128 112 192 112 0 1000.0
c 192 112 192 160 0 1.0E-5 -1.222243994902783E-8
R 192 96 192 48 0 0 40.0 5.0 0.0 0.0 0.5
r 400 208 400 304 0 100.0
r 288 160 288 224 0 100.0
o 7 64 0 33 10.0 0.003125 0 -1
o 8 8 1 35 0.0390625 9.765625E-5 1 -1
