$ 1 5.0E-6 10.20027730826997 50 5.0 43
a 256 96 336 96 1 15.0 -15.0 1000000.0
r 336 96 400 96 0 100.0
w 336 384 336 176 0
174 336 416 400 448 0 1000.0 0.203 Resistance
w 400 416 400 448 0
w 400 448 368 448 0
j 272 208 272 176 0 -4.0
w 256 176 256 112 0
r 256 176 192 176 0 1000.0
w 272 208 192 208 0
w 192 208 192 176 0
w 192 176 144 176 0
g 144 176 144 208 0
R 224 80 160 80 0 1 40.0 2.0 2.0 0.0 0.5
w 400 96 400 416 0
w 224 80 256 80 0
w 336 416 336 384 0
r 288 176 336 176 0 100.0
o 15 64 0 34 5.0 9.765625E-5 0 -1
o 16 64 0 33 9.353610478917778 0.002923003274661806 1 -1
