$ 1 5.0E-6 11.086722712598126 50 5.0 43
a 432 80 512 80 1 18.0 0.0 1000000.0
r 512 80 576 80 0 100.0
w 512 368 512 160 0
174 512 400 576 432 0 6000.0 0.005 Resistance
w 576 400 576 432 0
w 576 432 544 432 0
j 448 192 448 160 0 -4.0
w 432 160 432 96 0
r 432 160 368 160 0 1000.0
w 448 192 368 192 0
w 368 192 368 160 0
w 368 160 320 160 0
g 320 160 320 192 0
w 576 80 576 400 0
w 400 64 432 64 0
w 512 400 512 368 0
r 464 160 512 160 0 100.0
R 128 64 128 32 0 0 40.0 18.0 0.0 0.0 0.5
r 128 64 128 128 0 80000.0
g 128 192 128 224 0
w 256 64 400 64 0
174 128 192 160 128 0 10000.0 0.005 Resistance
w 256 160 256 64 0
w 256 160 160 160 0
o 14 64 0 34 0.078125 9.765625E-5 0 -1
o 15 64 0 33 0.009134385233318143 9.134385233318143E-5 1 -1
