$ 1 5.0E-6 10.20027730826997 58 10.0 50
g 352 352 352 384 0
w 352 240 352 192 0
w 352 192 400 192 0
w 352 96 400 96 0
R 96 64 96 16 0 0 40.0 5.0 0.0 0.0 0.5
s 400 96 400 192 0 1 false
r 352 96 352 192 0 1500.0
w 384 256 384 352 0
r 352 272 352 352 0 1000.0
a 96 80 224 80 1 10.0 0.0 1000000.0
w 352 80 352 96 0
w 64 96 96 96 0
174 224 80 352 80 0 1000.0 0.0545 Resistance
w 288 64 288 48 0
w 288 48 352 48 0
w 352 48 352 80 0
j 384 256 352 256 0 -4.0
w 384 352 352 352 0
w 352 272 64 272 0
w 64 272 64 96 0
o 4 64 0 33 2.5 9.765625E-5 0 -1
o 8 64 0 33 1.25 0.0125 1 -1
